33.0	(29, 89)
27.0	(108, 67)
27.0	(70, 30)
51.0	(133, 203)
38.0	(73, 47)
27.0	(93, 64)
46.0	(188, 129)
26.0	(28, 108)
27.0	(62, 61)
15.0	(55, 25)
48.0	(113, 281)
20.0	(17, 65)
24.0	(89, 42)
42.0	(82, 151)
42.0	(236, 61)
38.0	(80, 165)
37.0	(44, 123)
36.0	(154, 30)
26.0	(205, 18)
40.0	(228, 119)
50.0	(266, 187)
35.0	(328, 16)
27.0	(54, 88)
42.0	(47, 233)
50.0	(131, 77)
39.0	(45, 55)
39.0	(152, 72)
42.0	(83, 82)
51.0	(209, 179)
41.0	(46, 197)
49.0	(101, 286)
43.0	(93, 97)
32.0	(126, 228)
44.0	(98, 223)
37.0	(72, 42)
55.0	(87, 62)
30.0	(23, 19)
35.0	(112, 119)
28.0	(128, 97)
25.0	(65, 57)
25.0	(56, 31)
26.0	(116, 33)
45.0	(204, 111)
43.0	(180, 120)
44.0	(62, 83)
25.0	(51, 66)
27.0	(14, 143)
22.0	(18, 86)
34.0	(35, 123)
32.0	(43, 146)
