25.0	(29, 89)
18.0	(70, 72)
22.0	(44, 44)
26.0	(45, 56)
26.0	(73, 47)
23.0	(43, 124)
28.0	(157, 11)
18.0	(26, 165)
17.0	(48, 60)
18.0	(55, 25)
27.0	(54, 186)
17.0	(11, 27)
19.0	(15, 42)
24.0	(94, 96)
33.0	(84, 70)
24.0	(77, 162)
23.0	(22, 123)
26.0	(147, 23)
24.0	(202, 15)
26.0	(112, 83)
27.0	(240, 159)
30.0	(170, 73)
23.0	(23, 58)
32.0	(41, 227)
27.0	(209, 115)
20.0	(33, 43)
23.0	(100, 124)
22.0	(230, 23)
28.0	(156, 10)
25.0	(25, 176)
30.0	(237, 109)
27.0	(72, 75)
27.0	(63, 14)
35.0	(97, 222)
22.0	(25, 67)
36.0	(87, 62)
20.0	(17, 11)
28.0	(76, 69)
24.0	(73, 45)
24.0	(65, 57)
15.0	(18, 9)
18.0	(84, 12)
30.0	(260, 86)
31.0	(169, 107)
25.0	(180, 142)
20.0	(48, 63)
23.0	(13, 142)
15.0	(23, 24)
22.0	(37, 18)
27.0	(24, 138)
