218.0	(85, 91)
202.0	(105, 79)
123.0	(56, 49)
386.0	(149, 157)
126.0	(78, 64)
213.0	(97, 138)
367.0	(260, 149)
101.0	(29, 92)
193.0	(67, 77)
83.0	(59, 39)
395.0	(149, 253)
104.0	(45, 40)
213.0	(97, 107)
383.0	(165, 170)
265.0	(286, 99)
302.0	(120, 145)
243.0	(97, 105)
150.0	(64, 50)
82.0	(179, 19)
518.0	(362, 189)
516.0	(280, 242)
175.0	(269, 72)
221.0	(131, 89)
364.0	(171, 224)
431.0	(241, 220)
201.0	(78, 90)
340.0	(154, 172)
356.0	(334, 130)
527.0	(225, 265)
218.0	(86, 103)
542.0	(237, 278)
327.0	(154, 154)
318.0	(126, 128)
250.0	(98, 233)
166.0	(114, 72)
192.0	(76, 65)
90.0	(36, 34)
219.0	(114, 121)
216.0	(121, 106)
159.0	(87, 67)
98.0	(54, 36)
125.0	(199, 46)
349.0	(262, 136)
297.0	(208, 126)
538.0	(318, 235)
112.0	(59, 59)
141.0	(58, 163)
80.0	(25, 65)
90.0	(40, 114)
212.0	(88, 205)
