29.0	(29, 89)
22.0	(54, 18)
18.0	(44, 44)
22.0	(147, 29)
26.0	(73, 47)
24.0	(56, 86)
35.0	(76, 84)
16.0	(27, 107)
18.0	(48, 60)
16.0	(55, 25)
31.0	(81, 251)
14.0	(23, 29)
20.0	(76, 74)
25.0	(53, 121)
42.0	(89, 75)
29.0	(41, 117)
21.0	(22, 123)
26.0	(154, 30)
27.0	(202, 15)
27.0	(351, 41)
39.0	(258, 177)
25.0	(327, 15)
22.0	(128, 28)
41.0	(42, 228)
32.0	(209, 115)
20.0	(27, 105)
28.0	(83, 62)
24.0	(396, 105)
26.0	(156, 10)
28.0	(25, 176)
39.0	(100, 285)
29.0	(31, 147)
26.0	(15, 252)
36.0	(97, 222)
22.0	(72, 42)
32.0	(87, 62)
22.0	(22, 18)
29.0	(76, 69)
22.0	(114, 58)
20.0	(74, 44)
18.0	(18, 9)
23.0	(174, 30)
24.0	(81, 35)
29.0	(165, 103)
30.0	(61, 82)
23.0	(55, 77)
21.0	(14, 143)
15.0	(18, 86)
26.0	(35, 123)
24.0	(24, 138)
