38.0	(29, 89)
29.0	(54, 18)
25.0	(57, 34)
37.0	(92, 163)
49.0	(73, 47)
45.0	(63, 93)
52.0	(76, 84)
22.0	(27, 107)
24.0	(48, 60)
20.0	(45, 26)
54.0	(102, 279)
18.0	(23, 29)
24.0	(76, 74)
40.0	(53, 121)
60.0	(89, 75)
35.0	(86, 172)
31.0	(42, 121)
41.0	(149, 26)
36.0	(202, 15)
36.0	(241, 138)
55.0	(240, 159)
37.0	(336, 25)
31.0	(128, 28)
52.0	(42, 228)
45.0	(209, 115)
33.0	(33, 43)
43.0	(152, 138)
34.0	(350, 64)
41.0	(192, 42)
39.0	(25, 176)
73.0	(100, 285)
40.0	(118, 122)
35.0	(35, 270)
51.0	(97, 222)
32.0	(72, 42)
63.0	(87, 62)
36.0	(22, 18)
34.0	(76, 69)
32.0	(128, 48)
32.0	(76, 47)
24.0	(18, 9)
29.0	(174, 30)
37.0	(43, 78)
40.0	(183, 121)
47.0	(61, 82)
28.0	(55, 77)
30.0	(49, 134)
22.0	(18, 86)
43.0	(35, 123)
31.0	(36, 147)
