27.0	(68, 69)
30.0	(40, 112)
26.0	(46, 53)
50.0	(60, 61)
46.0	(144, 85)
25.0	(60, 27)
32.0	(201, 324)
22.0	(43, 44)
22.0	(26, 26)
26.0	(33, 10)
25.0	(26, 28)
28.0	(66, 95)
37.0	(174, 220)
27.0	(52, 119)
72.0	(98, 92)
26.0	(66, 169)
25.0	(169, 88)
36.0	(58, 283)
37.0	(144, 94)
43.0	(199, 135)
36.0	(126, 183)
31.0	(151, 165)
32.0	(126, 90)
33.0	(129, 140)
63.0	(82, 75)
24.0	(53, 155)
43.0	(198, 247)
40.0	(161, 66)
26.0	(143, 107)
30.0	(117, 68)
36.0	(68, 42)
30.0	(83, 91)
42.0	(115, 95)
32.0	(73, 187)
28.0	(277, 152)
34.0	(102, 90)
28.0	(45, 151)
31.0	(66, 121)
30.0	(67, 20)
26.0	(153, 88)
24.0	(140, 87)
25.0	(116, 25)
31.0	(102, 119)
48.0	(43, 42)
99.0	(101, 102)
31.0	(61, 99)
35.0	(81, 48)
268.0	(169, 148)
49.0	(47, 37)
30.0	(50, 33)
