332.0	(141, 143)
250.0	(105, 122)
291.0	(124, 120)
165.0	(65, 88)
329.0	(147, 147)
109.0	(52, 42)
762.0	(292, 357)
224.0	(94, 93)
209.0	(95, 89)
192.0	(81, 108)
249.0	(97, 97)
199.0	(101, 96)
315.0	(180, 229)
316.0	(128, 130)
284.0	(95, 121)
386.0	(174, 175)
348.0	(181, 148)
841.0	(307, 903)
627.0	(265, 246)
765.0	(400, 313)
834.0	(319, 295)
461.0	(242, 237)
418.0	(185, 257)
423.0	(178, 208)
171.0	(76, 75)
371.0	(186, 156)
679.0	(293, 336)
466.0	(207, 258)
350.0	(243, 144)
315.0	(128, 127)
367.0	(148, 166)
376.0	(191, 185)
281.0	(127, 225)
473.0	(281, 194)
524.0	(274, 234)
260.0	(223, 112)
563.0	(279, 240)
358.0	(175, 162)
357.0	(166, 158)
275.0	(151, 120)
310.0	(154, 122)
223.0	(115, 118)
224.0	(125, 106)
378.0	(201, 186)
271.0	(144, 126)
261.0	(128, 145)
683.0	(310, 331)
362.0	(173, 155)
104.0	(54, 41)
93.0	(59, 43)
