25.0	(28, 141)
30.0	(36, 108)
28.0	(14, 120)
28.0	(19, 18)
41.0	(141, 127)
26.0	(58, 25)
36.0	(265, 324)
21.0	(43, 44)
22.0	(26, 26)
28.0	(33, 10)
31.0	(43, 49)
27.0	(57, 85)
35.0	(40, 52)
29.0	(51, 118)
52.0	(98, 92)
21.0	(30, 157)
30.0	(169, 88)
34.0	(58, 283)
39.0	(185, 228)
35.0	(192, 128)
37.0	(183, 273)
32.0	(192, 70)
29.0	(150, 224)
30.0	(60, 50)
53.0	(81, 74)
25.0	(53, 155)
37.0	(89, 156)
39.0	(109, 276)
28.0	(227, 134)
28.0	(116, 67)
34.0	(68, 42)
29.0	(79, 87)
31.0	(117, 237)
30.0	(73, 187)
29.0	(309, 189)
32.0	(90, 78)
33.0	(45, 151)
29.0	(108, 122)
26.0	(95, 100)
24.0	(147, 61)
26.0	(153, 102)
30.0	(116, 25)
35.0	(93, 110)
40.0	(35, 34)
78.0	(122, 123)
31.0	(61, 99)
38.0	(81, 48)
234.0	(167, 146)
39.0	(47, 37)
31.0	(25, 8)
