49.0	(139, 146)
59.0	(105, 123)
45.0	(80, 81)
89.0	(76, 75)
91.0	(147, 171)
37.0	(60, 27)
72.0	(140, 387)
36.0	(86, 89)
44.0	(41, 45)
41.0	(83, 63)
60.0	(79, 82)
51.0	(66, 95)
80.0	(162, 182)
53.0	(120, 129)
133.0	(98, 92)
42.0	(85, 157)
46.0	(182, 119)
78.0	(271, 486)
52.0	(194, 237)
64.0	(357, 155)
72.0	(126, 183)
62.0	(240, 221)
60.0	(185, 255)
81.0	(138, 152)
109.0	(82, 75)
47.0	(159, 50)
78.0	(198, 247)
59.0	(183, 92)
48.0	(170, 136)
47.0	(117, 68)
70.0	(104, 85)
66.0	(166, 118)
75.0	(115, 95)
58.0	(73, 187)
63.0	(308, 188)
52.0	(240, 100)
50.0	(196, 119)
45.0	(108, 122)
40.0	(126, 132)
38.0	(155, 91)
40.0	(78, 118)
37.0	(107, 60)
42.0	(121, 137)
110.0	(214, 180)
165.0	(122, 123)
59.0	(105, 59)
61.0	(112, 83)
372.0	(169, 148)
85.0	(47, 37)
63.0	(55, 40)
