139.0	(84, 115)
113.0	(112, 74)
64.0	(70, 44)
291.0	(150, 268)
119.0	(89, 62)
160.0	(97, 136)
272.0	(226, 149)
48.0	(29, 53)
139.0	(90, 78)
64.0	(67, 39)
299.0	(149, 279)
79.0	(46, 71)
152.0	(97, 105)
299.0	(165, 266)
191.0	(156, 100)
196.0	(120, 198)
136.0	(98, 118)
101.0	(120, 50)
65.0	(215, 19)
360.0	(236, 189)
391.0	(312, 238)
137.0	(340, 72)
131.0	(137, 84)
316.0	(173, 229)
339.0	(282, 213)
127.0	(78, 110)
236.0	(146, 173)
249.0	(256, 129)
376.0	(221, 264)
156.0	(86, 212)
429.0	(238, 285)
255.0	(170, 153)
206.0	(126, 190)
171.0	(97, 205)
115.0	(114, 66)
131.0	(94, 65)
88.0	(58, 35)
200.0	(121, 121)
144.0	(107, 107)
102.0	(90, 67)
69.0	(55, 34)
91.0	(229, 46)
254.0	(290, 136)
221.0	(210, 125)
365.0	(275, 235)
102.0	(57, 75)
103.0	(58, 218)
54.0	(16, 202)
75.0	(40, 78)
161.0	(90, 241)
