40.0	(68, 69)
41.0	(40, 112)
35.0	(46, 53)
78.0	(60, 61)
74.0	(118, 140)
34.0	(60, 27)
50.0	(93, 347)
31.0	(43, 44)
31.0	(26, 26)
34.0	(33, 10)
29.0	(43, 49)
34.0	(66, 95)
46.0	(174, 220)
41.0	(94, 50)
118.0	(98, 92)
30.0	(66, 169)
33.0	(179, 98)
46.0	(58, 283)
49.0	(144, 94)
57.0	(199, 135)
49.0	(126, 183)
42.0	(151, 165)
42.0	(126, 90)
36.0	(144, 128)
111.0	(82, 75)
34.0	(152, 42)
55.0	(198, 247)
53.0	(109, 276)
36.0	(143, 107)
35.0	(117, 68)
50.0	(94, 72)
41.0	(136, 65)
44.0	(115, 95)
48.0	(73, 187)
38.0	(277, 152)
45.0	(35, 52)
42.0	(316, 84)
40.0	(66, 121)
37.0	(67, 20)
32.0	(171, 79)
33.0	(140, 87)
33.0	(116, 25)
41.0	(102, 119)
66.0	(43, 42)
133.0	(122, 123)
41.0	(61, 99)
47.0	(81, 48)
357.0	(169, 148)
75.0	(47, 37)
41.0	(42, 26)
