45.0	(68, 69)
46.0	(105, 123)
38.0	(46, 53)
80.0	(60, 61)
62.0	(147, 171)
34.0	(60, 27)
58.0	(93, 347)
31.0	(43, 44)
34.0	(31, 32)
34.0	(33, 10)
37.0	(51, 56)
41.0	(66, 95)
54.0	(174, 220)
41.0	(94, 50)
107.0	(98, 92)
35.0	(66, 169)
35.0	(182, 102)
52.0	(58, 283)
49.0	(144, 94)
57.0	(199, 135)
57.0	(126, 183)
42.0	(151, 165)
47.0	(126, 90)
58.0	(129, 140)
97.0	(82, 75)
37.0	(159, 50)
60.0	(198, 247)
55.0	(109, 276)
38.0	(170, 136)
41.0	(117, 68)
54.0	(68, 42)
40.0	(136, 65)
60.0	(115, 95)
49.0	(73, 187)
40.0	(277, 152)
49.0	(101, 89)
42.0	(316, 84)
40.0	(66, 121)
37.0	(67, 20)
35.0	(153, 88)
33.0	(140, 87)
33.0	(116, 25)
41.0	(102, 119)
77.0	(214, 180)
141.0	(122, 123)
43.0	(100, 53)
47.0	(81, 48)
358.0	(169, 148)
76.0	(47, 37)
51.0	(50, 33)
