38.0	(29, 89)
31.0	(54, 18)
25.0	(57, 34)
41.0	(92, 163)
56.0	(73, 47)
48.0	(76, 105)
61.0	(76, 84)
24.0	(27, 107)
25.0	(88, 66)
20.0	(45, 26)
62.0	(117, 297)
21.0	(17, 65)
26.0	(76, 74)
51.0	(82, 151)
60.0	(89, 75)
43.0	(90, 177)
34.0	(42, 121)
43.0	(149, 26)
36.0	(202, 15)
46.0	(212, 189)
62.0	(272, 194)
39.0	(336, 25)
32.0	(137, 36)
64.0	(160, 213)
51.0	(87, 165)
37.0	(33, 43)
43.0	(152, 138)
45.0	(396, 105)
49.0	(192, 42)
44.0	(45, 196)
81.0	(100, 285)
47.0	(118, 122)
37.0	(85, 32)
51.0	(97, 222)
34.0	(72, 42)
69.0	(89, 65)
38.0	(22, 18)
34.0	(76, 69)
40.0	(73, 88)
34.0	(76, 47)
24.0	(18, 9)
29.0	(241, 31)
43.0	(43, 78)
40.0	(183, 121)
55.0	(80, 212)
29.0	(57, 75)
32.0	(49, 134)
22.0	(18, 86)
45.0	(35, 123)
34.0	(65, 169)
