45.0	(54, 112)
36.0	(111, 71)
27.0	(60, 42)
58.0	(130, 259)
58.0	(87, 54)
49.0	(76, 108)
86.0	(138, 129)
25.0	(24, 34)
39.0	(75, 77)
21.0	(63, 38)
96.0	(136, 313)
24.0	(17, 65)
40.0	(76, 74)
85.0	(140, 280)
76.0	(89, 75)
69.0	(103, 184)
36.0	(53, 123)
44.0	(154, 38)
37.0	(202, 15)
86.0	(236, 189)
90.0	(303, 234)
54.0	(347, 44)
36.0	(54, 88)
107.0	(160, 213)
77.0	(166, 219)
39.0	(66, 71)
66.0	(152, 138)
73.0	(141, 129)
87.0	(209, 261)
55.0	(53, 208)
140.0	(238, 285)
73.0	(149, 150)
41.0	(81, 253)
72.0	(97, 222)
39.0	(72, 42)
72.0	(89, 65)
40.0	(41, 28)
47.0	(83, 78)
46.0	(123, 77)
36.0	(81, 54)
24.0	(18, 9)
38.0	(174, 30)
80.0	(198, 126)
53.0	(178, 118)
107.0	(295, 235)
35.0	(55, 77)
38.0	(58, 184)
29.0	(18, 86)
45.0	(35, 123)
57.0	(91, 145)
