46.0	(68, 69)
51.0	(105, 123)
40.0	(46, 53)
85.0	(76, 75)
84.0	(147, 171)
35.0	(60, 27)
62.0	(93, 347)
31.0	(88, 50)
36.0	(41, 45)
34.0	(33, 10)
47.0	(51, 56)
44.0	(66, 95)
63.0	(162, 182)
47.0	(111, 121)
130.0	(98, 92)
36.0	(66, 169)
36.0	(182, 102)
57.0	(187, 840)
49.0	(144, 94)
57.0	(199, 135)
64.0	(126, 183)
48.0	(175, 164)
49.0	(182, 254)
71.0	(138, 152)
111.0	(82, 75)
43.0	(159, 50)
62.0	(198, 247)
58.0	(109, 276)
41.0	(170, 136)
43.0	(117, 68)
65.0	(104, 85)
49.0	(166, 118)
65.0	(115, 95)
55.0	(73, 187)
48.0	(308, 188)
50.0	(101, 89)
45.0	(327, 92)
40.0	(66, 121)
37.0	(67, 20)
36.0	(153, 88)
33.0	(140, 87)
33.0	(116, 25)
41.0	(102, 119)
95.0	(214, 180)
154.0	(122, 123)
47.0	(100, 53)
54.0	(112, 83)
366.0	(169, 148)
84.0	(47, 37)
57.0	(55, 40)
