144.0	(139, 146)
132.0	(102, 124)
140.0	(120, 117)
148.0	(81, 83)
207.0	(147, 171)
60.0	(69, 41)
345.0	(288, 559)
93.0	(95, 73)
112.0	(107, 88)
91.0	(89, 107)
130.0	(82, 100)
127.0	(96, 111)
270.0	(176, 218)
164.0	(158, 130)
185.0	(98, 92)
183.0	(171, 172)
136.0	(182, 119)
368.0	(300, 529)
270.0	(246, 248)
356.0	(307, 314)
365.0	(319, 295)
258.0	(251, 233)
220.0	(185, 255)
213.0	(179, 208)
147.0	(82, 75)
185.0	(184, 156)
321.0	(280, 336)
215.0	(156, 307)
171.0	(240, 143)
149.0	(213, 128)
186.0	(144, 168)
195.0	(180, 183)
176.0	(129, 187)
214.0	(255, 196)
286.0	(262, 234)
145.0	(237, 114)
296.0	(283, 237)
190.0	(166, 162)
191.0	(171, 164)
131.0	(157, 120)
110.0	(188, 125)
125.0	(115, 117)
114.0	(124, 144)
249.0	(216, 186)
253.0	(122, 123)
153.0	(117, 184)
359.0	(304, 341)
415.0	(171, 154)
117.0	(49, 38)
89.0	(57, 41)
