56.0	(54, 112)
56.0	(111, 71)
29.0	(70, 30)
101.0	(150, 268)
70.0	(87, 54)
66.0	(97, 136)
118.0	(138, 129)
29.0	(24, 34)
55.0	(90, 78)
26.0	(63, 38)
128.0	(144, 343)
38.0	(44, 48)
59.0	(97, 98)
126.0	(165, 260)
97.0	(104, 99)
96.0	(114, 200)
44.0	(53, 123)
52.0	(152, 39)
45.0	(215, 19)
162.0	(236, 189)
155.0	(303, 234)
71.0	(364, 54)
50.0	(137, 84)
147.0	(169, 221)
130.0	(225, 220)
53.0	(66, 71)
95.0	(147, 164)
112.0	(141, 129)
164.0	(214, 265)
72.0	(53, 208)
219.0	(238, 285)
117.0	(165, 149)
68.0	(100, 82)
86.0	(97, 222)
52.0	(114, 65)
80.0	(89, 65)
54.0	(58, 35)
71.0	(121, 121)
61.0	(127, 84)
44.0	(81, 54)
30.0	(52, 27)
42.0	(222, 46)
117.0	(221, 134)
90.0	(201, 118)
157.0	(294, 235)
48.0	(55, 77)
52.0	(59, 189)
31.0	(18, 86)
51.0	(38, 128)
75.0	(91, 145)
