43.0	(54, 110)
37.0	(111, 71)
29.0	(67, 43)
54.0	(130, 259)
64.0	(73, 47)
53.0	(76, 105)
79.0	(138, 129)
28.0	(28, 109)
36.0	(67, 76)
22.0	(45, 26)
80.0	(136, 313)
25.0	(17, 65)
36.0	(97, 98)
73.0	(140, 280)
73.0	(89, 75)
62.0	(90, 177)
40.0	(42, 121)
45.0	(149, 26)
36.0	(202, 15)
78.0	(212, 189)
77.0	(272, 194)
42.0	(347, 44)
40.0	(137, 36)
98.0	(169, 221)
66.0	(178, 218)
41.0	(33, 43)
56.0	(152, 138)
66.0	(141, 129)
80.0	(200, 213)
58.0	(53, 208)
105.0	(238, 259)
68.0	(118, 122)
46.0	(100, 82)
56.0	(97, 205)
39.0	(72, 42)
77.0	(89, 65)
40.0	(22, 18)
41.0	(84, 63)
52.0	(73, 88)
39.0	(81, 54)
24.0	(18, 9)
32.0	(207, 35)
74.0	(197, 134)
60.0	(201, 118)
80.0	(272, 215)
33.0	(57, 75)
34.0	(49, 134)
23.0	(20, 202)
47.0	(35, 123)
50.0	(66, 129)
