44.0	(68, 69)
47.0	(40, 112)
38.0	(46, 53)
81.0	(76, 75)
74.0	(147, 171)
34.0	(60, 27)
54.0	(93, 347)
31.0	(43, 44)
33.0	(31, 32)
34.0	(33, 10)
36.0	(26, 28)
39.0	(66, 95)
53.0	(174, 220)
43.0	(50, 53)
118.0	(98, 92)
34.0	(66, 169)
34.0	(182, 102)
52.0	(58, 283)
49.0	(144, 94)
57.0	(199, 135)
56.0	(126, 183)
42.0	(151, 165)
46.0	(126, 90)
57.0	(138, 152)
108.0	(82, 75)
39.0	(159, 50)
59.0	(198, 247)
56.0	(109, 276)
36.0	(170, 136)
39.0	(117, 68)
58.0	(94, 72)
43.0	(136, 65)
56.0	(115, 95)
51.0	(73, 187)
41.0	(277, 152)
48.0	(101, 89)
43.0	(327, 92)
40.0	(66, 121)
37.0	(67, 20)
34.0	(153, 88)
33.0	(140, 87)
33.0	(116, 25)
41.0	(102, 119)
75.0	(214, 180)
141.0	(122, 123)
42.0	(100, 53)
47.0	(81, 48)
362.0	(169, 148)
80.0	(47, 37)
50.0	(50, 33)
