118.0	(84, 115)
100.0	(112, 74)
57.0	(70, 44)
217.0	(150, 268)
104.0	(89, 62)
128.0	(97, 136)
221.0	(226, 149)
46.0	(28, 109)
117.0	(90, 78)
55.0	(41, 37)
224.0	(149, 332)
71.0	(46, 71)
132.0	(97, 109)
260.0	(165, 266)
161.0	(112, 100)
161.0	(113, 182)
116.0	(98, 118)
79.0	(157, 45)
52.0	(211, 19)
305.0	(236, 189)
320.0	(312, 238)
112.0	(340, 72)
108.0	(137, 84)
276.0	(173, 229)
278.0	(282, 213)
106.0	(76, 102)
198.0	(149, 171)
208.0	(141, 129)
317.0	(225, 261)
135.0	(84, 171)
364.0	(238, 285)
218.0	(170, 153)
163.0	(126, 190)
146.0	(97, 224)
99.0	(96, 71)
120.0	(94, 65)
72.0	(58, 35)
176.0	(121, 121)
127.0	(107, 107)
89.0	(90, 67)
55.0	(55, 34)
69.0	(261, 38)
221.0	(203, 136)
189.0	(210, 125)
305.0	(294, 235)
90.0	(57, 75)
86.0	(59, 189)
41.0	(16, 202)
71.0	(38, 135)
140.0	(91, 145)
