60.0	(139, 146)
74.0	(105, 123)
57.0	(125, 118)
95.0	(76, 75)
128.0	(147, 171)
36.0	(60, 27)
105.0	(277, 527)
41.0	(74, 92)
43.0	(107, 88)
48.0	(83, 63)
64.0	(69, 82)
50.0	(95, 109)
118.0	(174, 220)
82.0	(113, 129)
150.0	(98, 92)
48.0	(85, 157)
49.0	(177, 106)
136.0	(307, 517)
91.0	(232, 214)
103.0	(400, 240)
129.0	(292, 292)
91.0	(245, 159)
70.0	(182, 254)
96.0	(147, 163)
125.0	(82, 75)
60.0	(213, 130)
143.0	(211, 256)
76.0	(109, 276)
63.0	(252, 74)
56.0	(141, 85)
88.0	(137, 138)
67.0	(176, 124)
74.0	(115, 95)
77.0	(73, 187)
104.0	(260, 233)
62.0	(100, 110)
72.0	(254, 237)
64.0	(136, 152)
53.0	(155, 166)
47.0	(119, 120)
42.0	(78, 118)
48.0	(115, 77)
43.0	(44, 128)
127.0	(214, 180)
188.0	(122, 123)
57.0	(126, 88)
109.0	(302, 340)
377.0	(169, 148)
94.0	(47, 37)
68.0	(59, 35)
