38.0	(29, 89)
29.0	(54, 18)
25.0	(57, 34)
37.0	(92, 163)
49.0	(73, 47)
45.0	(63, 93)
55.0	(76, 84)
22.0	(27, 107)
25.0	(88, 66)
20.0	(45, 26)
62.0	(102, 279)
18.0	(24, 32)
24.0	(76, 74)
50.0	(82, 151)
60.0	(89, 75)
38.0	(86, 172)
32.0	(53, 123)
41.0	(149, 26)
36.0	(202, 15)
39.0	(255, 154)
65.0	(293, 206)
38.0	(336, 25)
31.0	(128, 28)
58.0	(155, 209)
45.0	(209, 115)
33.0	(33, 43)
44.0	(152, 138)
42.0	(396, 105)
45.0	(192, 42)
39.0	(25, 176)
73.0	(100, 285)
42.0	(118, 122)
37.0	(35, 270)
51.0	(97, 222)
32.0	(72, 42)
65.0	(87, 62)
36.0	(22, 18)
34.0	(76, 69)
33.0	(56, 71)
32.0	(76, 47)
24.0	(18, 9)
33.0	(174, 30)
39.0	(221, 134)
40.0	(183, 121)
48.0	(264, 205)
28.0	(55, 77)
30.0	(49, 134)
24.0	(18, 86)
43.0	(35, 123)
35.0	(36, 147)
