50.0	(54, 112)
45.0	(111, 71)
28.0	(60, 42)
71.0	(144, 249)
63.0	(87, 54)
52.0	(97, 136)
102.0	(125, 149)
27.0	(24, 34)
47.0	(75, 77)
23.0	(63, 38)
108.0	(136, 313)
32.0	(44, 48)
47.0	(97, 98)
101.0	(165, 260)
85.0	(89, 75)
81.0	(114, 200)
40.0	(53, 123)
47.0	(154, 38)
40.0	(215, 19)
121.0	(236, 189)
120.0	(303, 234)
61.0	(364, 54)
40.0	(137, 36)
124.0	(160, 213)
96.0	(202, 216)
45.0	(66, 71)
73.0	(152, 138)
95.0	(141, 129)
130.0	(214, 265)
63.0	(53, 208)
168.0	(238, 285)
95.0	(149, 150)
51.0	(81, 253)
79.0	(97, 222)
45.0	(114, 65)
76.0	(89, 65)
47.0	(58, 35)
62.0	(121, 121)
54.0	(75, 86)
38.0	(81, 54)
25.0	(52, 27)
39.0	(174, 30)
97.0	(221, 134)
65.0	(201, 118)
128.0	(295, 235)
41.0	(55, 77)
44.0	(59, 189)
30.0	(18, 86)
48.0	(35, 123)
62.0	(91, 145)
