52.0	(139, 146)
63.0	(105, 123)
49.0	(125, 118)
92.0	(76, 75)
101.0	(147, 171)
37.0	(60, 27)
76.0	(277, 527)
36.0	(86, 89)
44.0	(41, 45)
44.0	(83, 63)
62.0	(79, 82)
52.0	(66, 95)
92.0	(162, 182)
66.0	(113, 129)
138.0	(98, 92)
46.0	(85, 157)
49.0	(182, 119)
92.0	(279, 490)
62.0	(207, 243)
73.0	(307, 314)
74.0	(126, 183)
69.0	(240, 221)
63.0	(185, 255)
87.0	(147, 163)
115.0	(82, 75)
48.0	(159, 50)
91.0	(211, 256)
60.0	(183, 92)
49.0	(251, 82)
48.0	(117, 68)
75.0	(104, 85)
69.0	(166, 118)
77.0	(115, 95)
63.0	(73, 187)
73.0	(308, 188)
53.0	(240, 100)
50.0	(279, 200)
48.0	(108, 122)
46.0	(155, 166)
38.0	(155, 91)
42.0	(78, 118)
38.0	(107, 60)
42.0	(121, 137)
115.0	(214, 180)
169.0	(122, 123)
59.0	(105, 59)
69.0	(213, 184)
374.0	(169, 148)
88.0	(47, 37)
65.0	(55, 40)
