69.0	(139, 146)
77.0	(105, 123)
69.0	(125, 118)
103.0	(76, 75)
112.0	(147, 171)
39.0	(60, 27)
127.0	(277, 527)
44.0	(86, 89)
52.0	(41, 45)
55.0	(83, 63)
77.0	(79, 82)
60.0	(86, 105)
116.0	(165, 184)
78.0	(113, 129)
144.0	(98, 92)
74.0	(110, 181)
69.0	(182, 119)
139.0	(271, 486)
84.0	(206, 244)
115.0	(307, 314)
119.0	(295, 303)
95.0	(240, 221)
89.0	(185, 255)
108.0	(147, 163)
115.0	(82, 75)
56.0	(212, 111)
124.0	(264, 322)
92.0	(156, 307)
65.0	(251, 82)
62.0	(98, 116)
80.0	(104, 85)
91.0	(166, 118)
95.0	(128, 104)
84.0	(146, 176)
95.0	(254, 232)
61.0	(100, 110)
81.0	(254, 237)
74.0	(138, 153)
77.0	(155, 166)
45.0	(155, 91)
53.0	(78, 118)
60.0	(108, 123)
54.0	(121, 137)
137.0	(214, 180)
186.0	(122, 123)
73.0	(105, 59)
100.0	(298, 340)
384.0	(169, 148)
89.0	(49, 38)
71.0	(55, 40)
