111.0	(84, 115)
95.0	(112, 74)
52.0	(70, 44)
229.0	(150, 268)
104.0	(87, 54)
131.0	(97, 136)
220.0	(226, 149)
41.0	(25, 39)
117.0	(90, 78)
50.0	(67, 39)
236.0	(149, 279)
63.0	(46, 71)
121.0	(97, 105)
238.0	(165, 266)
160.0	(156, 100)
151.0	(114, 200)
99.0	(98, 118)
78.0	(120, 50)
60.0	(215, 19)
299.0	(236, 189)
309.0	(312, 238)
114.0	(340, 72)
105.0	(137, 84)
263.0	(173, 229)
265.0	(282, 213)
103.0	(78, 110)
194.0	(146, 173)
191.0	(256, 129)
312.0	(221, 264)
122.0	(85, 186)
366.0	(238, 285)
209.0	(168, 150)
163.0	(126, 190)
139.0	(97, 224)
95.0	(114, 66)
109.0	(94, 65)
74.0	(58, 35)
161.0	(121, 121)
114.0	(126, 109)
83.0	(83, 62)
55.0	(55, 34)
73.0	(229, 46)
203.0	(290, 136)
175.0	(210, 125)
294.0	(338, 235)
86.0	(57, 75)
86.0	(59, 189)
44.0	(20, 202)
67.0	(36, 135)
133.0	(91, 145)
