40.0	(68, 69)
36.0	(105, 123)
32.0	(46, 53)
75.0	(60, 61)
61.0	(141, 127)
34.0	(60, 27)
50.0	(93, 347)
31.0	(43, 44)
31.0	(26, 26)
34.0	(33, 10)
29.0	(43, 49)
34.0	(66, 95)
43.0	(174, 220)
41.0	(94, 50)
94.0	(98, 92)
30.0	(66, 169)
33.0	(179, 98)
44.0	(225, 306)
49.0	(144, 94)
57.0	(199, 135)
49.0	(126, 183)
42.0	(151, 165)
42.0	(126, 90)
36.0	(144, 128)
90.0	(82, 75)
31.0	(152, 42)
55.0	(198, 247)
50.0	(109, 276)
36.0	(143, 107)
35.0	(117, 68)
44.0	(68, 42)
40.0	(83, 91)
44.0	(115, 95)
42.0	(75, 192)
35.0	(277, 152)
45.0	(35, 52)
42.0	(316, 84)
40.0	(66, 121)
37.0	(67, 20)
32.0	(171, 79)
33.0	(140, 87)
33.0	(116, 25)
41.0	(102, 119)
63.0	(43, 42)
130.0	(122, 123)
41.0	(61, 99)
47.0	(81, 48)
348.0	(169, 148)
66.0	(47, 37)
41.0	(25, 8)
