184.0	(139, 146)
166.0	(102, 124)
173.0	(120, 117)
167.0	(81, 83)
246.0	(147, 171)
71.0	(72, 41)
433.0	(288, 559)
118.0	(95, 73)
142.0	(106, 89)
117.0	(89, 107)
151.0	(85, 101)
153.0	(96, 111)
323.0	(176, 218)
209.0	(158, 130)
199.0	(98, 92)
233.0	(169, 180)
180.0	(184, 147)
461.0	(304, 889)
341.0	(246, 248)
451.0	(372, 319)
460.0	(319, 295)
323.0	(251, 233)
271.0	(185, 255)
255.0	(179, 208)
167.0	(82, 75)
234.0	(184, 156)
402.0	(317, 331)
274.0	(207, 241)
223.0	(240, 143)
199.0	(213, 128)
232.0	(149, 174)
246.0	(180, 183)
217.0	(129, 187)
284.0	(255, 196)
358.0	(262, 234)
182.0	(237, 114)
385.0	(283, 237)
238.0	(166, 162)
240.0	(171, 164)
174.0	(157, 120)
147.0	(167, 124)
156.0	(115, 117)
151.0	(124, 144)
301.0	(216, 186)
278.0	(122, 123)
191.0	(117, 184)
455.0	(304, 341)
433.0	(171, 154)
125.0	(49, 38)
97.0	(57, 41)
