78.0	(80, 85)
68.0	(111, 71)
43.0	(67, 43)
118.0	(145, 209)
82.0	(85, 61)
82.0	(97, 136)
155.0	(226, 149)
40.0	(28, 109)
73.0	(75, 77)
35.0	(41, 37)
135.0	(141, 255)
46.0	(46, 71)
92.0	(97, 109)
161.0	(165, 260)
105.0	(89, 75)
112.0	(114, 200)
71.0	(98, 108)
58.0	(157, 45)
37.0	(19, 18)
195.0	(212, 189)
180.0	(248, 241)
74.0	(362, 64)
61.0	(137, 36)
181.0	(169, 221)
156.0	(282, 213)
62.0	(78, 98)
110.0	(146, 173)
142.0	(141, 129)
205.0	(224, 237)
101.0	(81, 169)
217.0	(236, 289)
148.0	(149, 150)
99.0	(121, 171)
93.0	(97, 222)
67.0	(96, 71)
97.0	(89, 65)
45.0	(29, 34)
104.0	(123, 118)
86.0	(99, 109)
68.0	(91, 59)
33.0	(52, 27)
46.0	(207, 35)
154.0	(197, 134)
132.0	(210, 125)
194.0	(294, 235)
59.0	(57, 75)
53.0	(58, 184)
31.0	(16, 202)
56.0	(38, 135)
92.0	(75, 138)
