38.0	(29, 89)
30.0	(54, 18)
25.0	(57, 34)
39.0	(92, 163)
52.0	(73, 47)
46.0	(76, 105)
53.0	(76, 84)
23.0	(27, 107)
24.0	(48, 60)
20.0	(45, 26)
54.0	(102, 279)
19.0	(17, 65)
24.0	(76, 74)
42.0	(53, 121)
60.0	(89, 75)
36.0	(90, 177)
32.0	(42, 121)
42.0	(149, 26)
36.0	(202, 15)
38.0	(241, 138)
54.0	(240, 159)
38.0	(336, 25)
31.0	(137, 36)
53.0	(42, 228)
46.0	(87, 165)
35.0	(33, 43)
43.0	(152, 138)
36.0	(396, 105)
43.0	(192, 42)
41.0	(45, 196)
77.0	(100, 285)
43.0	(118, 122)
35.0	(35, 270)
51.0	(97, 222)
33.0	(72, 42)
65.0	(87, 62)
37.0	(22, 18)
34.0	(76, 69)
35.0	(48, 61)
33.0	(76, 47)
24.0	(18, 9)
29.0	(174, 30)
39.0	(43, 78)
40.0	(183, 121)
49.0	(52, 182)
28.0	(55, 77)
31.0	(49, 134)
22.0	(18, 86)
44.0	(35, 123)
31.0	(24, 138)
