118.0	(139, 146)
112.0	(105, 123)
116.0	(125, 118)
134.0	(81, 83)
180.0	(147, 171)
51.0	(69, 41)
266.0	(288, 559)
71.0	(95, 73)
91.0	(107, 88)
77.0	(83, 63)
112.0	(82, 100)
107.0	(95, 109)
219.0	(176, 218)
138.0	(117, 130)
173.0	(98, 92)
143.0	(171, 172)
112.0	(182, 119)
288.0	(307, 517)
205.0	(255, 238)
274.0	(307, 314)
283.0	(319, 295)
204.0	(251, 233)
177.0	(185, 255)
178.0	(179, 208)
138.0	(82, 75)
143.0	(184, 156)
260.0	(279, 331)
182.0	(156, 307)
121.0	(192, 143)
113.0	(178, 116)
149.0	(147, 139)
151.0	(180, 183)
139.0	(129, 187)
164.0	(245, 194)
227.0	(262, 234)
119.0	(225, 108)
228.0	(283, 237)
149.0	(147, 159)
148.0	(171, 166)
99.0	(157, 120)
85.0	(78, 118)
104.0	(92, 126)
89.0	(124, 144)
211.0	(216, 186)
233.0	(122, 123)
123.0	(100, 175)
282.0	(302, 340)
402.0	(171, 154)
110.0	(49, 38)
84.0	(57, 41)
