43.0	(54, 112)
37.0	(111, 71)
27.0	(57, 34)
60.0	(130, 259)
60.0	(73, 47)
51.0	(97, 136)
82.0	(138, 129)
26.0	(24, 34)
34.0	(67, 76)
21.0	(45, 26)
86.0	(136, 313)
25.0	(17, 65)
39.0	(76, 74)
80.0	(140, 280)
76.0	(89, 75)
60.0	(103, 184)
37.0	(42, 121)
44.0	(149, 26)
36.0	(202, 15)
81.0	(212, 189)
83.0	(293, 206)
50.0	(347, 44)
38.0	(137, 36)
97.0	(160, 213)
64.0	(178, 218)
39.0	(33, 43)
59.0	(152, 138)
72.0	(141, 129)
69.0	(209, 232)
58.0	(53, 208)
128.0	(238, 285)
63.0	(149, 150)
42.0	(85, 32)
60.0	(97, 222)
40.0	(72, 42)
75.0	(89, 65)
39.0	(22, 18)
38.0	(123, 87)
48.0	(73, 88)
37.0	(81, 54)
24.0	(18, 9)
36.0	(174, 30)
75.0	(198, 126)
54.0	(201, 118)
96.0	(295, 235)
35.0	(46, 73)
36.0	(58, 184)
27.0	(18, 86)
46.0	(35, 123)
51.0	(66, 129)
