90.0	(139, 146)
77.0	(105, 123)
78.0	(125, 118)
104.0	(76, 75)
158.0	(147, 171)
40.0	(64, 37)
170.0	(288, 559)
51.0	(75, 99)
65.0	(107, 88)
60.0	(83, 63)
85.0	(82, 100)
72.0	(95, 109)
160.0	(174, 220)
103.0	(117, 130)
158.0	(98, 92)
82.0	(171, 172)
70.0	(177, 106)
196.0	(307, 517)
135.0	(255, 238)
168.0	(370, 318)
183.0	(295, 303)
121.0	(251, 162)
106.0	(185, 255)
131.0	(147, 163)
129.0	(82, 75)
87.0	(181, 147)
211.0	(272, 326)
117.0	(156, 307)
79.0	(251, 82)
77.0	(162, 97)
120.0	(138, 140)
96.0	(185, 143)
101.0	(129, 187)
106.0	(167, 175)
162.0	(260, 233)
84.0	(240, 100)
129.0	(283, 237)
96.0	(138, 153)
85.0	(171, 164)
69.0	(157, 120)
56.0	(78, 118)
67.0	(89, 124)
51.0	(124, 144)
168.0	(214, 180)
203.0	(122, 123)
80.0	(125, 159)
187.0	(302, 340)
385.0	(169, 148)
100.0	(47, 37)
76.0	(59, 35)
