198.0	(139, 146)
182.0	(105, 123)
188.0	(128, 118)
175.0	(81, 84)
252.0	(147, 171)
83.0	(76, 37)
447.0	(288, 559)
126.0	(96, 89)
153.0	(106, 89)
129.0	(89, 107)
153.0	(96, 96)
153.0	(96, 111)
329.0	(180, 228)
225.0	(113, 130)
207.0	(98, 92)
231.0	(171, 172)
203.0	(184, 147)
489.0	(307, 517)
379.0	(255, 238)
499.0	(385, 317)
469.0	(319, 305)
368.0	(251, 233)
308.0	(185, 255)
266.0	(179, 194)
167.0	(82, 75)
261.0	(184, 156)
443.0	(317, 331)
293.0	(206, 308)
231.0	(240, 143)
193.0	(198, 128)
249.0	(145, 193)
249.0	(195, 179)
213.0	(129, 187)
292.0	(245, 194)
391.0	(262, 234)
199.0	(238, 108)
428.0	(283, 237)
225.0	(148, 162)
269.0	(171, 164)
190.0	(157, 120)
166.0	(188, 125)
178.0	(114, 125)
172.0	(121, 137)
317.0	(216, 186)
300.0	(122, 123)
215.0	(104, 184)
485.0	(304, 341)
452.0	(168, 148)
130.0	(51, 41)
104.0	(58, 43)
