43.0	(68, 69)
42.0	(105, 123)
35.0	(46, 53)
78.0	(60, 61)
61.0	(141, 127)
34.0	(60, 27)
50.0	(93, 347)
31.0	(43, 44)
32.0	(31, 32)
34.0	(33, 10)
32.0	(26, 28)
37.0	(66, 95)
49.0	(174, 220)
41.0	(94, 50)
101.0	(98, 92)
33.0	(66, 169)
33.0	(182, 102)
48.0	(58, 283)
49.0	(144, 94)
57.0	(199, 135)
52.0	(126, 183)
42.0	(151, 165)
45.0	(126, 90)
46.0	(129, 140)
93.0	(82, 75)
33.0	(159, 50)
58.0	(198, 247)
53.0	(109, 276)
36.0	(143, 107)
38.0	(117, 68)
50.0	(68, 42)
40.0	(83, 91)
53.0	(115, 95)
45.0	(73, 187)
38.0	(277, 152)
47.0	(101, 89)
42.0	(316, 84)
40.0	(66, 121)
37.0	(67, 20)
33.0	(153, 88)
33.0	(140, 87)
33.0	(116, 25)
41.0	(102, 119)
66.0	(43, 42)
136.0	(122, 123)
41.0	(100, 53)
47.0	(81, 48)
354.0	(169, 148)
72.0	(47, 37)
45.0	(50, 33)
