42.0	(68, 69)
45.0	(40, 112)
37.0	(46, 53)
80.0	(60, 61)
78.0	(118, 140)
34.0	(60, 27)
50.0	(93, 347)
31.0	(43, 44)
31.0	(31, 32)
34.0	(33, 10)
33.0	(26, 28)
36.0	(66, 95)
50.0	(174, 220)
45.0	(50, 53)
122.0	(98, 92)
32.0	(66, 169)
33.0	(179, 98)
49.0	(58, 283)
49.0	(144, 94)
57.0	(199, 135)
51.0	(126, 183)
42.0	(151, 165)
44.0	(126, 90)
47.0	(138, 152)
113.0	(82, 75)
37.0	(159, 50)
57.0	(198, 247)
55.0	(109, 276)
36.0	(143, 107)
37.0	(117, 68)
56.0	(94, 72)
43.0	(136, 65)
50.0	(115, 95)
50.0	(73, 187)
40.0	(277, 152)
46.0	(101, 89)
43.0	(327, 92)
40.0	(66, 121)
37.0	(67, 20)
32.0	(171, 79)
33.0	(140, 87)
33.0	(116, 25)
41.0	(102, 119)
68.0	(43, 42)
144.0	(122, 123)
41.0	(61, 99)
47.0	(81, 48)
361.0	(169, 148)
79.0	(47, 37)
45.0	(50, 33)
