39.0	(29, 89)
32.0	(54, 18)
27.0	(57, 34)
45.0	(92, 163)
60.0	(73, 47)
50.0	(76, 105)
65.0	(76, 84)
25.0	(27, 107)
28.0	(62, 61)
21.0	(45, 26)
64.0	(117, 297)
22.0	(17, 65)
29.0	(76, 74)
56.0	(82, 151)
60.0	(89, 75)
48.0	(90, 177)
37.0	(42, 121)
44.0	(149, 26)
36.0	(202, 15)
57.0	(212, 189)
65.0	(272, 194)
40.0	(336, 25)
35.0	(137, 36)
74.0	(160, 213)
56.0	(87, 165)
39.0	(33, 43)
46.0	(152, 138)
51.0	(396, 105)
52.0	(222, 73)
47.0	(45, 196)
85.0	(100, 285)
56.0	(118, 122)
39.0	(85, 32)
51.0	(97, 222)
35.0	(72, 42)
72.0	(89, 65)
39.0	(22, 18)
34.0	(76, 69)
45.0	(73, 88)
35.0	(76, 47)
24.0	(18, 9)
30.0	(241, 31)
50.0	(182, 135)
44.0	(178, 118)
63.0	(101, 229)
31.0	(57, 75)
33.0	(49, 134)
22.0	(18, 86)
46.0	(35, 123)
40.0	(66, 129)
