106.0	(84, 87)
93.0	(112, 74)
55.0	(65, 40)
186.0	(150, 268)
101.0	(89, 62)
112.0	(97, 136)
209.0	(226, 149)
46.0	(28, 109)
105.0	(90, 78)
51.0	(41, 37)
198.0	(149, 332)
66.0	(46, 71)
125.0	(97, 109)
240.0	(165, 266)
145.0	(112, 100)
145.0	(113, 182)
108.0	(98, 108)
75.0	(157, 45)
47.0	(19, 18)
279.0	(212, 189)
277.0	(303, 241)
100.0	(362, 64)
98.0	(137, 84)
254.0	(169, 221)
250.0	(236, 219)
97.0	(78, 74)
181.0	(146, 173)
195.0	(141, 129)
286.0	(225, 261)
130.0	(84, 171)
320.0	(238, 285)
199.0	(150, 150)
149.0	(126, 190)
132.0	(98, 137)
94.0	(96, 71)
117.0	(94, 65)
61.0	(58, 35)
163.0	(123, 118)
118.0	(107, 107)
87.0	(88, 62)
48.0	(52, 27)
63.0	(189, 39)
206.0	(203, 136)
182.0	(210, 125)
280.0	(294, 235)
84.0	(57, 75)
78.0	(58, 184)
36.0	(16, 202)
69.0	(38, 135)
126.0	(91, 145)
