64.0	(139, 146)
72.0	(105, 123)
61.0	(125, 118)
98.0	(76, 75)
114.0	(147, 171)
38.0	(60, 27)
103.0	(277, 527)
40.0	(86, 89)
48.0	(41, 45)
50.0	(83, 63)
70.0	(79, 82)
56.0	(66, 95)
108.0	(165, 184)
76.0	(113, 129)
145.0	(98, 92)
61.0	(110, 181)
59.0	(182, 119)
123.0	(279, 490)
80.0	(206, 244)
98.0	(307, 314)
97.0	(295, 303)
83.0	(240, 221)
72.0	(185, 255)
104.0	(147, 163)
117.0	(82, 75)
52.0	(158, 148)
113.0	(264, 322)
78.0	(156, 307)
58.0	(251, 82)
56.0	(98, 116)
80.0	(104, 85)
80.0	(166, 118)
90.0	(128, 104)
72.0	(146, 176)
87.0	(308, 188)
57.0	(240, 100)
71.0	(254, 237)
61.0	(138, 153)
62.0	(155, 166)
40.0	(171, 79)
49.0	(78, 118)
50.0	(108, 123)
47.0	(121, 137)
126.0	(214, 180)
179.0	(122, 123)
66.0	(105, 59)
92.0	(309, 247)
379.0	(169, 148)
90.0	(47, 37)
69.0	(55, 40)
