58.0	(139, 146)
68.0	(105, 123)
55.0	(125, 118)
95.0	(76, 75)
100.0	(147, 171)
38.0	(60, 27)
91.0	(277, 527)
40.0	(86, 89)
48.0	(41, 45)
47.0	(83, 63)
68.0	(79, 82)
55.0	(66, 95)
96.0	(165, 184)
64.0	(113, 129)
138.0	(98, 92)
58.0	(110, 181)
56.0	(182, 119)
106.0	(271, 486)
64.0	(207, 243)
84.0	(357, 155)
84.0	(295, 303)
77.0	(240, 221)
69.0	(185, 255)
96.0	(147, 163)
111.0	(82, 75)
50.0	(159, 50)
92.0	(264, 322)
70.0	(131, 273)
53.0	(251, 82)
51.0	(232, 79)
75.0	(104, 85)
78.0	(166, 118)
84.0	(128, 104)
64.0	(146, 176)
77.0	(308, 188)
56.0	(240, 100)
58.0	(279, 200)
53.0	(104, 119)
54.0	(155, 166)
40.0	(155, 91)
46.0	(78, 118)
47.0	(94, 111)
47.0	(121, 137)
121.0	(214, 180)
175.0	(122, 123)
66.0	(105, 59)
73.0	(221, 322)
377.0	(169, 148)
87.0	(47, 37)
67.0	(55, 40)
