65.0	(80, 85)
62.0	(111, 71)
38.0	(67, 43)
106.0	(150, 257)
76.0	(87, 54)
75.0	(97, 136)
131.0	(138, 129)
36.0	(28, 109)
63.0	(75, 77)
32.0	(41, 37)
122.0	(141, 255)
38.0	(46, 71)
75.0	(97, 109)
138.0	(165, 260)
103.0	(107, 99)
97.0	(114, 200)
57.0	(98, 108)
58.0	(152, 39)
37.0	(19, 18)
172.0	(212, 189)
155.0	(248, 241)
70.0	(362, 64)
56.0	(137, 36)
158.0	(169, 221)
133.0	(178, 218)
59.0	(72, 79)
98.0	(146, 173)
124.0	(141, 129)
171.0	(210, 224)
89.0	(81, 169)
194.0	(238, 285)
127.0	(149, 150)
75.0	(121, 171)
85.0	(98, 137)
55.0	(96, 71)
88.0	(89, 65)
45.0	(29, 34)
91.0	(123, 118)
71.0	(92, 103)
56.0	(88, 62)
31.0	(52, 27)
42.0	(222, 46)
134.0	(197, 134)
110.0	(210, 125)
171.0	(294, 235)
52.0	(57, 75)
51.0	(58, 184)
27.0	(18, 86)
53.0	(38, 128)
82.0	(77, 136)
