40.0	(54, 110)
32.0	(111, 71)
27.0	(57, 34)
51.0	(130, 259)
60.0	(73, 47)
50.0	(76, 105)
71.0	(76, 84)
25.0	(27, 107)
31.0	(67, 76)
21.0	(45, 26)
77.0	(136, 313)
24.0	(17, 65)
32.0	(76, 74)
70.0	(140, 280)
68.0	(89, 75)
55.0	(90, 177)
37.0	(42, 121)
44.0	(149, 26)
36.0	(202, 15)
65.0	(212, 189)
73.0	(272, 194)
42.0	(336, 25)
36.0	(137, 36)
86.0	(160, 213)
56.0	(87, 165)
39.0	(33, 43)
53.0	(152, 138)
57.0	(141, 129)
59.0	(204, 70)
54.0	(53, 208)
97.0	(238, 259)
58.0	(118, 122)
41.0	(85, 32)
51.0	(97, 222)
37.0	(72, 42)
74.0	(89, 65)
39.0	(22, 18)
34.0	(76, 69)
47.0	(73, 88)
36.0	(81, 54)
24.0	(18, 9)
33.0	(174, 30)
62.0	(197, 134)
50.0	(196, 120)
74.0	(272, 215)
32.0	(46, 73)
33.0	(49, 134)
24.0	(18, 86)
46.0	(35, 123)
46.0	(66, 129)
