38.0	(29, 89)
28.0	(65, 26)
25.0	(57, 34)
32.0	(45, 56)
41.0	(73, 47)
42.0	(63, 93)
47.0	(76, 84)
20.0	(27, 107)
24.0	(48, 60)
20.0	(45, 26)
46.0	(102, 279)
18.0	(23, 29)
24.0	(76, 74)
40.0	(53, 121)
60.0	(89, 75)
34.0	(41, 117)
29.0	(22, 123)
40.0	(147, 23)
36.0	(202, 15)
35.0	(112, 83)
53.0	(240, 159)
34.0	(336, 25)
31.0	(128, 28)
50.0	(42, 228)
45.0	(209, 115)
28.0	(33, 43)
43.0	(152, 138)
32.0	(345, 58)
33.0	(192, 235)
36.0	(25, 176)
61.0	(100, 285)
40.0	(31, 147)
33.0	(35, 270)
51.0	(97, 222)
29.0	(72, 42)
55.0	(87, 62)
33.0	(22, 18)
34.0	(76, 69)
30.0	(114, 58)
30.0	(73, 43)
24.0	(18, 9)
29.0	(174, 30)
33.0	(50, 123)
40.0	(183, 121)
44.0	(61, 82)
28.0	(55, 77)
30.0	(49, 134)
22.0	(18, 86)
40.0	(35, 123)
31.0	(24, 138)
