49.0	(54, 112)
46.0	(111, 71)
29.0	(67, 43)
72.0	(130, 259)
66.0	(87, 54)
61.0	(97, 136)
100.0	(138, 129)
28.0	(28, 109)
42.0	(67, 76)
22.0	(45, 26)
100.0	(136, 313)
27.0	(22, 71)
47.0	(97, 98)
101.0	(165, 260)
86.0	(89, 75)
73.0	(114, 200)
40.0	(42, 121)
48.0	(152, 39)
36.0	(202, 15)
118.0	(212, 189)
102.0	(266, 241)
58.0	(347, 44)
44.0	(137, 36)
114.0	(169, 221)
86.0	(202, 216)
43.0	(66, 71)
68.0	(152, 138)
93.0	(141, 129)
103.0	(209, 232)
66.0	(53, 208)
153.0	(238, 285)
88.0	(149, 150)
48.0	(100, 82)
68.0	(97, 222)
44.0	(72, 42)
79.0	(89, 65)
42.0	(29, 34)
52.0	(121, 121)
54.0	(73, 88)
41.0	(81, 54)
24.0	(52, 27)
37.0	(174, 30)
96.0	(197, 134)
70.0	(201, 118)
122.0	(294, 235)
39.0	(57, 75)
43.0	(58, 184)
28.0	(18, 86)
49.0	(35, 123)
61.0	(91, 145)
