204.0	(139, 146)
187.0	(105, 123)
192.0	(128, 118)
179.0	(81, 84)
263.0	(147, 171)
83.0	(76, 37)
466.0	(288, 559)
127.0	(96, 89)
158.0	(106, 89)
132.0	(89, 107)
160.0	(85, 103)
160.0	(96, 111)
341.0	(180, 228)
229.0	(113, 130)
210.0	(98, 92)
242.0	(171, 172)
209.0	(184, 147)
506.0	(300, 529)
388.0	(246, 248)
511.0	(385, 317)
496.0	(319, 305)
377.0	(251, 233)
313.0	(185, 255)
277.0	(179, 208)
173.0	(82, 75)
262.0	(184, 156)
456.0	(317, 331)
305.0	(207, 241)
246.0	(240, 143)
209.0	(213, 128)
258.0	(145, 193)
264.0	(180, 183)
219.0	(129, 187)
300.0	(251, 196)
402.0	(262, 234)
201.0	(238, 108)
441.0	(283, 237)
237.0	(166, 162)
275.0	(171, 164)
196.0	(157, 120)
171.0	(188, 125)
182.0	(114, 125)
176.0	(124, 144)
328.0	(216, 186)
302.0	(122, 123)
220.0	(104, 184)
502.0	(304, 341)
453.0	(171, 154)
132.0	(51, 41)
105.0	(58, 43)
