141.0	(139, 146)
126.0	(102, 124)
130.0	(120, 117)
142.0	(81, 83)
205.0	(147, 171)
52.0	(76, 37)
346.0	(291, 341)
86.0	(95, 73)
112.0	(106, 89)
96.0	(89, 107)
126.0	(82, 100)
126.0	(101, 111)
263.0	(176, 218)
158.0	(158, 130)
185.0	(98, 92)
174.0	(153, 182)
135.0	(180, 148)
376.0	(302, 576)
266.0	(255, 238)
356.0	(370, 318)
356.0	(319, 295)
242.0	(251, 233)
208.0	(185, 255)
219.0	(179, 208)
149.0	(82, 75)
181.0	(198, 153)
329.0	(289, 335)
206.0	(207, 241)
170.0	(192, 143)
152.0	(205, 129)
187.0	(144, 168)
186.0	(180, 183)
184.0	(129, 187)
222.0	(255, 196)
283.0	(262, 234)
147.0	(237, 114)
286.0	(283, 237)
192.0	(166, 162)
176.0	(171, 164)
130.0	(157, 120)
108.0	(188, 125)
123.0	(97, 127)
116.0	(124, 144)
258.0	(216, 186)
244.0	(122, 123)
148.0	(126, 163)
346.0	(302, 340)
406.0	(171, 154)
115.0	(49, 38)
88.0	(59, 35)
