39.0	(29, 89)
30.0	(54, 18)
25.0	(57, 34)
39.0	(92, 163)
52.0	(73, 47)
46.0	(76, 105)
60.0	(76, 84)
23.0	(27, 107)
27.0	(88, 66)
20.0	(45, 26)
67.0	(117, 297)
19.0	(24, 32)
27.0	(76, 74)
56.0	(140, 280)
60.0	(89, 75)
43.0	(90, 177)
33.0	(53, 123)
42.0	(149, 26)
36.0	(202, 15)
44.0	(259, 157)
70.0	(293, 206)
40.0	(336, 25)
31.0	(137, 36)
68.0	(160, 213)
49.0	(185, 136)
35.0	(33, 43)
47.0	(152, 138)
48.0	(396, 105)
49.0	(204, 70)
44.0	(53, 208)
77.0	(100, 285)
48.0	(118, 122)
38.0	(35, 270)
51.0	(97, 222)
33.0	(72, 42)
68.0	(87, 62)
37.0	(22, 18)
35.0	(76, 69)
37.0	(56, 71)
33.0	(81, 54)
24.0	(18, 9)
34.0	(174, 30)
46.0	(221, 134)
41.0	(178, 118)
56.0	(272, 215)
29.0	(46, 73)
31.0	(49, 134)
25.0	(18, 86)
44.0	(35, 123)
38.0	(66, 129)
