39.0	(54, 110)
32.0	(54, 18)
27.0	(57, 34)
45.0	(92, 163)
60.0	(73, 47)
50.0	(76, 105)
68.0	(76, 84)
25.0	(27, 107)
28.0	(67, 76)
21.0	(45, 26)
70.0	(136, 313)
23.0	(17, 65)
29.0	(76, 74)
60.0	(140, 280)
62.0	(89, 75)
51.0	(90, 177)
37.0	(42, 121)
44.0	(149, 26)
36.0	(202, 15)
58.0	(212, 189)
69.0	(272, 194)
40.0	(336, 25)
35.0	(137, 36)
80.0	(160, 213)
56.0	(87, 165)
39.0	(33, 43)
47.0	(152, 138)
53.0	(396, 105)
55.0	(216, 61)
50.0	(53, 208)
85.0	(100, 285)
57.0	(118, 122)
40.0	(85, 32)
51.0	(97, 222)
36.0	(72, 42)
73.0	(89, 65)
39.0	(22, 18)
34.0	(76, 69)
46.0	(73, 88)
35.0	(81, 54)
24.0	(18, 9)
30.0	(241, 31)
54.0	(182, 135)
46.0	(196, 120)
64.0	(101, 229)
31.0	(57, 75)
33.0	(49, 134)
22.0	(20, 202)
46.0	(35, 123)
40.0	(66, 129)
