121.0	(139, 146)
118.0	(105, 123)
117.0	(125, 118)
136.0	(80, 78)
164.0	(147, 171)
57.0	(69, 41)
262.0	(277, 527)
73.0	(96, 87)
89.0	(106, 89)
80.0	(86, 65)
109.0	(82, 100)
101.0	(96, 111)
215.0	(174, 220)
148.0	(113, 130)
166.0	(98, 92)
134.0	(110, 181)
121.0	(182, 119)
288.0	(307, 517)
210.0	(255, 238)
286.0	(307, 314)
275.0	(295, 303)
217.0	(251, 233)
194.0	(185, 255)
171.0	(179, 192)
134.0	(82, 75)
137.0	(184, 156)
243.0	(280, 336)
178.0	(156, 307)
125.0	(240, 143)
107.0	(129, 129)
140.0	(144, 168)
152.0	(184, 137)
135.0	(128, 102)
163.0	(157, 189)
221.0	(262, 234)
122.0	(238, 108)
233.0	(279, 239)
150.0	(138, 153)
161.0	(155, 166)
92.0	(157, 120)
93.0	(78, 118)
112.0	(108, 123)
96.0	(107, 143)
207.0	(214, 181)
238.0	(122, 123)
131.0	(100, 175)
283.0	(298, 340)
412.0	(168, 148)
107.0	(49, 38)
86.0	(57, 41)
