135.0	(84, 87)
103.0	(112, 74)
65.0	(70, 44)
217.0	(150, 230)
118.0	(89, 62)
134.0	(97, 137)
247.0	(226, 149)
54.0	(28, 109)
118.0	(90, 78)
57.0	(41, 37)
235.0	(149, 289)
78.0	(46, 71)
156.0	(97, 109)
285.0	(165, 260)
165.0	(112, 100)
187.0	(117, 177)
129.0	(98, 108)
82.0	(157, 45)
50.0	(19, 18)
322.0	(212, 189)
342.0	(302, 237)
115.0	(323, 71)
113.0	(137, 84)
291.0	(173, 229)
308.0	(282, 213)
113.0	(76, 102)
210.0	(146, 173)
223.0	(143, 130)
338.0	(225, 261)
149.0	(86, 175)
366.0	(236, 289)
243.0	(170, 153)
186.0	(126, 190)
156.0	(98, 137)
115.0	(96, 71)
136.0	(93, 67)
64.0	(58, 35)
184.0	(124, 115)
142.0	(99, 109)
106.0	(88, 62)
52.0	(56, 31)
73.0	(196, 46)
245.0	(203, 136)
214.0	(210, 125)
344.0	(294, 235)
95.0	(57, 75)
90.0	(58, 184)
43.0	(17, 204)
79.0	(38, 135)
144.0	(90, 152)
