76.0	(139, 146)
82.0	(105, 123)
75.0	(125, 118)
106.0	(76, 75)
127.0	(147, 171)
39.0	(69, 32)
134.0	(277, 527)
44.0	(86, 89)
54.0	(41, 45)
57.0	(83, 63)
79.0	(79, 82)
65.0	(95, 109)
131.0	(174, 220)
87.0	(113, 129)
151.0	(98, 92)
79.0	(110, 181)
70.0	(182, 119)
159.0	(307, 517)
102.0	(206, 244)
130.0	(307, 314)
134.0	(295, 303)
102.0	(240, 221)
96.0	(185, 255)
116.0	(147, 163)
120.0	(82, 75)
64.0	(184, 156)
142.0	(272, 326)
105.0	(156, 307)
69.0	(251, 82)
68.0	(98, 116)
92.0	(130, 124)
93.0	(166, 118)
102.0	(128, 102)
89.0	(204, 173)
112.0	(254, 232)
70.0	(225, 108)
99.0	(254, 237)
84.0	(138, 153)
82.0	(155, 166)
46.0	(155, 91)
56.0	(78, 118)
64.0	(108, 123)
54.0	(121, 137)
140.0	(214, 180)
191.0	(122, 123)
76.0	(126, 88)
125.0	(309, 247)
384.0	(169, 148)
93.0	(49, 38)
73.0	(55, 40)
