48.0	(68, 69)
55.0	(105, 123)
44.0	(46, 53)
88.0	(76, 75)
83.0	(144, 85)
37.0	(60, 27)
71.0	(99, 352)
36.0	(86, 89)
44.0	(41, 45)
38.0	(83, 63)
58.0	(79, 82)
50.0	(66, 95)
74.0	(162, 182)
49.0	(91, 98)
126.0	(98, 92)
38.0	(85, 157)
44.0	(182, 119)
69.0	(282, 650)
49.0	(178, 125)
58.0	(213, 223)
70.0	(126, 183)
56.0	(240, 221)
57.0	(185, 255)
77.0	(138, 152)
103.0	(82, 75)
46.0	(159, 50)
67.0	(198, 247)
58.0	(183, 92)
47.0	(170, 136)
47.0	(117, 68)
65.0	(104, 85)
65.0	(166, 118)
73.0	(115, 95)
55.0	(73, 187)
53.0	(308, 188)
52.0	(101, 89)
50.0	(196, 119)
42.0	(174, 124)
38.0	(126, 132)
38.0	(155, 91)
38.0	(78, 118)
37.0	(58, 75)
42.0	(121, 137)
105.0	(214, 180)
161.0	(122, 123)
59.0	(105, 59)
57.0	(112, 83)
370.0	(169, 148)
82.0	(47, 37)
61.0	(55, 40)
