102.0	(139, 146)
99.0	(105, 123)
97.0	(125, 118)
122.0	(81, 83)
162.0	(147, 171)
44.0	(69, 32)
199.0	(277, 527)
57.0	(95, 73)
70.0	(107, 88)
68.0	(83, 63)
98.0	(82, 100)
90.0	(95, 109)
179.0	(176, 218)
116.0	(117, 130)
165.0	(98, 92)
110.0	(171, 172)
88.0	(183, 115)
226.0	(307, 517)
159.0	(255, 238)
206.0	(307, 314)
216.0	(319, 295)
156.0	(251, 233)
138.0	(185, 255)
149.0	(176, 206)
130.0	(82, 75)
104.0	(184, 156)
216.0	(279, 331)
149.0	(156, 307)
93.0	(251, 82)
90.0	(178, 116)
127.0	(147, 139)
117.0	(191, 139)
121.0	(128, 102)
128.0	(245, 194)
183.0	(262, 234)
97.0	(225, 108)
172.0	(283, 237)
119.0	(138, 153)
116.0	(171, 166)
75.0	(157, 120)
71.0	(78, 118)
84.0	(108, 123)
70.0	(124, 144)
177.0	(216, 186)
217.0	(122, 123)
99.0	(100, 175)
215.0	(302, 340)
391.0	(171, 154)
104.0	(49, 38)
79.0	(57, 41)
