45.0	(68, 69)
49.0	(40, 112)
39.0	(46, 53)
83.0	(76, 75)
79.0	(147, 171)
34.0	(60, 27)
58.0	(93, 347)
31.0	(43, 44)
34.0	(31, 32)
34.0	(33, 10)
41.0	(51, 56)
41.0	(66, 95)
55.0	(174, 220)
45.0	(50, 53)
121.0	(98, 92)
35.0	(66, 169)
35.0	(182, 102)
54.0	(58, 283)
49.0	(144, 94)
57.0	(199, 135)
59.0	(126, 183)
42.0	(175, 164)
47.0	(126, 90)
64.0	(138, 152)
109.0	(82, 75)
41.0	(159, 50)
60.0	(198, 247)
57.0	(109, 276)
38.0	(170, 136)
41.0	(117, 68)
61.0	(99, 78)
44.0	(136, 65)
60.0	(115, 95)
53.0	(73, 187)
42.0	(308, 188)
49.0	(101, 89)
44.0	(327, 92)
40.0	(66, 121)
37.0	(67, 20)
35.0	(153, 88)
33.0	(140, 87)
33.0	(116, 25)
41.0	(102, 119)
85.0	(214, 180)
148.0	(122, 123)
43.0	(100, 53)
49.0	(112, 83)
364.0	(169, 148)
82.0	(47, 37)
53.0	(55, 40)
