174.0	(139, 146)
157.0	(102, 124)
158.0	(120, 117)
156.0	(81, 83)
234.0	(147, 171)
63.0	(74, 42)
431.0	(292, 368)
112.0	(95, 73)
139.0	(106, 89)
116.0	(89, 107)
146.0	(85, 101)
147.0	(101, 111)
315.0	(176, 218)
196.0	(158, 130)
199.0	(98, 92)
224.0	(153, 182)
172.0	(183, 148)
473.0	(304, 889)
328.0	(267, 246)
446.0	(370, 318)
431.0	(319, 295)
299.0	(251, 233)
249.0	(185, 255)
256.0	(179, 208)
163.0	(82, 75)
226.0	(198, 153)
400.0	(311, 335)
261.0	(207, 256)
216.0	(192, 143)
192.0	(221, 129)
220.0	(144, 168)
231.0	(180, 183)
219.0	(129, 187)
283.0	(255, 196)
344.0	(262, 234)
178.0	(237, 114)
357.0	(283, 237)
231.0	(166, 162)
219.0	(171, 164)
161.0	(157, 120)
140.0	(189, 124)
146.0	(97, 127)
145.0	(124, 144)
299.0	(216, 186)
265.0	(122, 126)
178.0	(126, 163)
426.0	(304, 341)
418.0	(171, 154)
121.0	(49, 38)
93.0	(57, 41)
