39.0	(68, 69)
39.0	(40, 112)
34.0	(46, 53)
77.0	(60, 61)
72.0	(118, 140)
34.0	(60, 27)
50.0	(93, 347)
31.0	(43, 44)
31.0	(26, 26)
34.0	(33, 10)
29.0	(43, 49)
34.0	(52, 80)
45.0	(158, 176)
41.0	(94, 50)
116.0	(98, 92)
29.0	(84, 154)
33.0	(179, 98)
43.0	(225, 306)
49.0	(144, 94)
57.0	(199, 135)
48.0	(126, 183)
42.0	(151, 165)
41.0	(126, 90)
36.0	(144, 128)
110.0	(82, 75)
33.0	(152, 42)
54.0	(198, 247)
52.0	(109, 276)
36.0	(143, 107)
34.0	(117, 68)
47.0	(94, 72)
40.0	(136, 65)
43.0	(34, 33)
47.0	(73, 187)
37.0	(277, 152)
45.0	(35, 52)
42.0	(316, 84)
40.0	(66, 121)
37.0	(67, 20)
32.0	(171, 79)
33.0	(140, 87)
33.0	(116, 25)
41.0	(102, 119)
65.0	(43, 42)
131.0	(122, 123)
41.0	(61, 99)
47.0	(81, 48)
355.0	(169, 148)
73.0	(47, 37)
41.0	(25, 8)
