38.0	(68, 69)
37.0	(40, 112)
33.0	(46, 53)
76.0	(60, 61)
70.0	(118, 140)
34.0	(60, 27)
50.0	(93, 347)
31.0	(43, 44)
31.0	(26, 26)
34.0	(33, 10)
29.0	(43, 49)
34.0	(52, 80)
44.0	(158, 176)
41.0	(94, 50)
114.0	(98, 92)
29.0	(84, 154)
33.0	(179, 98)
42.0	(225, 306)
49.0	(144, 94)
57.0	(199, 135)
47.0	(126, 183)
42.0	(151, 165)
40.0	(126, 90)
36.0	(144, 128)
109.0	(82, 75)
31.0	(152, 42)
53.0	(198, 247)
51.0	(109, 276)
36.0	(143, 107)
34.0	(117, 68)
43.0	(68, 42)
40.0	(83, 91)
43.0	(34, 33)
46.0	(73, 187)
36.0	(277, 152)
45.0	(35, 52)
42.0	(316, 84)
40.0	(66, 121)
37.0	(67, 20)
32.0	(171, 79)
33.0	(140, 87)
33.0	(116, 25)
41.0	(102, 119)
64.0	(43, 42)
129.0	(122, 123)
41.0	(61, 99)
47.0	(81, 48)
353.0	(169, 148)
71.0	(47, 37)
41.0	(25, 8)
