88.0	(139, 146)
88.0	(105, 123)
82.0	(125, 118)
109.0	(76, 75)
148.0	(147, 171)
40.0	(69, 32)
153.0	(277, 527)
47.0	(92, 82)
56.0	(41, 45)
60.0	(83, 63)
85.0	(82, 100)
73.0	(95, 109)
150.0	(174, 220)
98.0	(113, 129)
158.0	(98, 92)
84.0	(171, 172)
73.0	(182, 119)
183.0	(307, 517)
123.0	(206, 244)
153.0	(307, 314)
168.0	(299, 302)
120.0	(240, 221)
104.0	(185, 255)
128.0	(147, 163)
126.0	(82, 75)
79.0	(184, 156)
176.0	(272, 326)
121.0	(156, 307)
79.0	(251, 82)
75.0	(98, 116)
111.0	(130, 124)
98.0	(191, 139)
109.0	(128, 102)
102.0	(159, 186)
144.0	(254, 232)
82.0	(225, 108)
128.0	(283, 237)
96.0	(138, 153)
91.0	(171, 166)
57.0	(119, 120)
59.0	(78, 118)
69.0	(108, 123)
56.0	(124, 144)
150.0	(214, 180)
198.0	(122, 123)
80.0	(126, 88)
158.0	(309, 247)
386.0	(169, 148)
98.0	(49, 38)
75.0	(55, 40)
