38.0	(29, 89)
31.0	(54, 18)
25.0	(57, 34)
41.0	(92, 163)
56.0	(73, 47)
48.0	(76, 105)
64.0	(76, 84)
24.0	(27, 107)
27.0	(88, 66)
20.0	(45, 26)
68.0	(117, 297)
22.0	(17, 65)
27.0	(60, 63)
57.0	(140, 280)
60.0	(89, 75)
45.0	(90, 177)
34.0	(42, 121)
43.0	(149, 26)
36.0	(202, 15)
48.0	(212, 189)
67.0	(272, 194)
40.0	(336, 25)
32.0	(137, 36)
69.0	(160, 213)
51.0	(87, 165)
37.0	(33, 43)
46.0	(152, 138)
47.0	(396, 105)
51.0	(192, 42)
47.0	(53, 208)
81.0	(100, 285)
48.0	(118, 122)
38.0	(85, 32)
51.0	(97, 222)
34.0	(72, 42)
70.0	(89, 65)
38.0	(22, 18)
34.0	(76, 69)
41.0	(73, 88)
34.0	(81, 54)
24.0	(18, 9)
32.0	(174, 30)
45.0	(172, 113)
41.0	(178, 118)
57.0	(272, 215)
29.0	(57, 75)
32.0	(49, 134)
23.0	(18, 86)
45.0	(35, 123)
35.0	(65, 169)
