48.0	(80, 85)
45.0	(111, 71)
32.0	(67, 43)
68.0	(130, 259)
68.0	(76, 49)
59.0	(97, 136)
98.0	(138, 129)
32.0	(28, 109)
44.0	(67, 76)
23.0	(45, 26)
92.0	(136, 313)
28.0	(46, 71)
53.0	(97, 109)
91.0	(165, 260)
84.0	(89, 75)
77.0	(114, 200)
45.0	(42, 121)
47.0	(152, 39)
36.0	(202, 15)
115.0	(212, 189)
99.0	(248, 241)
52.0	(347, 44)
47.0	(137, 36)
118.0	(169, 221)
89.0	(178, 218)
43.0	(33, 43)
67.0	(152, 138)
88.0	(141, 129)
114.0	(210, 224)
68.0	(64, 216)
134.0	(238, 259)
91.0	(149, 150)
53.0	(100, 82)
67.0	(97, 205)
42.0	(73, 44)
82.0	(89, 65)
41.0	(22, 19)
54.0	(111, 94)
58.0	(73, 88)
46.0	(81, 54)
26.0	(52, 27)
36.0	(207, 35)
99.0	(197, 134)
77.0	(206, 122)
110.0	(294, 235)
36.0	(57, 75)
37.0	(58, 184)
25.0	(16, 202)
48.0	(35, 123)
62.0	(66, 129)
