65.0	(139, 146)
73.0	(105, 123)
63.0	(125, 118)
101.0	(76, 75)
104.0	(147, 171)
39.0	(60, 27)
120.0	(277, 527)
44.0	(86, 89)
52.0	(41, 45)
53.0	(83, 63)
75.0	(79, 82)
59.0	(66, 95)
106.0	(165, 184)
71.0	(120, 129)
137.0	(98, 92)
71.0	(110, 181)
67.0	(182, 119)
126.0	(271, 486)
74.0	(207, 243)
107.0	(307, 314)
103.0	(295, 303)
91.0	(240, 221)
86.0	(185, 255)
101.0	(153, 161)
109.0	(82, 75)
52.0	(159, 50)
103.0	(264, 322)
86.0	(156, 307)
60.0	(251, 82)
57.0	(85, 98)
78.0	(117, 93)
90.0	(166, 118)
91.0	(115, 95)
80.0	(146, 176)
83.0	(254, 232)
59.0	(240, 100)
69.0	(254, 237)
68.0	(138, 153)
72.0	(155, 166)
44.0	(155, 91)
52.0	(78, 118)
57.0	(94, 111)
54.0	(121, 137)
134.0	(214, 180)
182.0	(122, 123)
73.0	(105, 59)
92.0	(298, 340)
383.0	(169, 148)
86.0	(49, 38)
69.0	(55, 40)
