40.0	(29, 89)
28.0	(65, 26)
25.0	(57, 34)
32.0	(45, 56)
43.0	(73, 47)
42.0	(63, 93)
49.0	(76, 84)
20.0	(27, 107)
24.0	(80, 57)
20.0	(45, 26)
54.0	(102, 279)
18.0	(23, 29)
24.0	(76, 74)
45.0	(82, 151)
60.0	(89, 75)
34.0	(86, 172)
30.0	(53, 123)
40.0	(147, 23)
36.0	(202, 15)
35.0	(210, 188)
62.0	(293, 206)
34.0	(336, 28)
31.0	(128, 28)
50.0	(42, 228)
45.0	(209, 115)
28.0	(33, 43)
44.0	(152, 138)
34.0	(345, 58)
40.0	(216, 61)
36.0	(25, 176)
62.0	(100, 285)
40.0	(31, 147)
35.0	(35, 270)
51.0	(97, 222)
29.0	(72, 42)
57.0	(87, 62)
33.0	(22, 18)
38.0	(76, 69)
32.0	(123, 77)
30.0	(73, 43)
24.0	(18, 9)
33.0	(174, 30)
35.0	(51, 80)
40.0	(183, 121)
44.0	(72, 89)
28.0	(55, 77)
30.0	(49, 134)
24.0	(18, 86)
40.0	(35, 123)
34.0	(36, 147)
