135.0	(84, 87)
108.0	(112, 74)
66.0	(70, 44)
225.0	(150, 268)
119.0	(89, 62)
143.0	(97, 137)
252.0	(226, 149)
54.0	(28, 109)
122.0	(90, 78)
61.0	(41, 37)
239.0	(149, 332)
81.0	(46, 71)
159.0	(97, 109)
293.0	(165, 266)
170.0	(112, 100)
190.0	(117, 177)
133.0	(98, 108)
82.0	(157, 45)
51.0	(19, 18)
334.0	(212, 189)
355.0	(303, 241)
119.0	(323, 71)
121.0	(137, 84)
299.0	(173, 229)
321.0	(243, 220)
117.0	(76, 102)
217.0	(146, 173)
229.0	(143, 130)
348.0	(225, 261)
155.0	(86, 175)
383.0	(236, 289)
248.0	(170, 153)
193.0	(126, 190)
158.0	(98, 137)
117.0	(96, 71)
137.0	(94, 65)
70.0	(58, 35)
192.0	(123, 118)
144.0	(107, 107)
106.0	(88, 62)
56.0	(56, 31)
75.0	(196, 46)
250.0	(203, 136)
219.0	(210, 125)
350.0	(294, 235)
98.0	(57, 75)
93.0	(59, 189)
43.0	(17, 204)
81.0	(38, 135)
147.0	(91, 145)
