40.0	(68, 69)
43.0	(40, 112)
36.0	(46, 53)
79.0	(60, 61)
86.0	(118, 140)
34.0	(60, 27)
50.0	(93, 347)
31.0	(43, 44)
31.0	(26, 26)
34.0	(33, 10)
30.0	(26, 28)
34.0	(66, 95)
47.0	(174, 220)
47.0	(50, 53)
126.0	(98, 92)
30.0	(66, 169)
33.0	(179, 98)
52.0	(88, 307)
49.0	(144, 94)
57.0	(199, 135)
49.0	(126, 183)
42.0	(151, 165)
42.0	(126, 90)
39.0	(138, 152)
118.0	(82, 75)
36.0	(152, 42)
55.0	(198, 247)
54.0	(109, 276)
36.0	(143, 107)
37.0	(117, 68)
54.0	(94, 72)
44.0	(136, 65)
44.0	(115, 95)
50.0	(73, 187)
39.0	(277, 152)
45.0	(35, 52)
43.0	(327, 92)
40.0	(66, 121)
37.0	(67, 20)
32.0	(171, 79)
33.0	(140, 87)
33.0	(116, 25)
41.0	(102, 119)
67.0	(43, 42)
144.0	(122, 123)
41.0	(61, 99)
47.0	(81, 48)
362.0	(169, 148)
78.0	(47, 37)
42.0	(42, 26)
