46.0	(62, 44)
44.0	(111, 71)
32.0	(67, 43)
62.0	(136, 205)
68.0	(76, 49)
57.0	(76, 105)
92.0	(138, 129)
32.0	(28, 109)
41.0	(67, 76)
23.0	(45, 26)
85.0	(136, 313)
28.0	(46, 71)
52.0	(97, 109)
81.0	(159, 217)
79.0	(89, 75)
74.0	(114, 200)
45.0	(42, 121)
46.0	(149, 26)
36.0	(202, 15)
105.0	(212, 189)
87.0	(301, 217)
47.0	(347, 44)
46.0	(137, 36)
114.0	(169, 221)
83.0	(268, 213)
43.0	(33, 43)
63.0	(152, 138)
81.0	(141, 129)
109.0	(210, 224)
64.0	(64, 216)
128.0	(238, 259)
86.0	(149, 150)
52.0	(100, 82)
64.0	(97, 205)
42.0	(73, 44)
82.0	(89, 65)
41.0	(22, 19)
51.0	(111, 94)
57.0	(73, 88)
45.0	(81, 54)
25.0	(52, 27)
35.0	(207, 35)
92.0	(197, 134)
72.0	(206, 122)
97.0	(272, 215)
35.0	(57, 75)
37.0	(49, 134)
25.0	(16, 202)
48.0	(35, 123)
59.0	(66, 129)
