40.0	(68, 69)
39.0	(40, 112)
34.0	(46, 53)
77.0	(60, 61)
63.0	(118, 140)
34.0	(60, 27)
50.0	(93, 347)
31.0	(43, 44)
31.0	(26, 26)
34.0	(33, 10)
29.0	(43, 49)
34.0	(66, 95)
45.0	(174, 220)
41.0	(94, 50)
110.0	(98, 92)
30.0	(66, 169)
33.0	(179, 98)
44.0	(225, 306)
49.0	(144, 94)
57.0	(199, 135)
49.0	(126, 183)
42.0	(151, 165)
42.0	(126, 90)
36.0	(144, 128)
104.0	(82, 75)
32.0	(152, 42)
55.0	(198, 247)
52.0	(109, 276)
36.0	(143, 107)
35.0	(117, 68)
46.0	(94, 72)
40.0	(83, 91)
44.0	(115, 95)
46.0	(73, 187)
37.0	(277, 152)
45.0	(35, 52)
42.0	(316, 84)
40.0	(66, 121)
37.0	(67, 20)
32.0	(171, 79)
33.0	(140, 87)
33.0	(116, 25)
41.0	(102, 119)
65.0	(43, 42)
132.0	(122, 123)
41.0	(61, 99)
47.0	(81, 48)
354.0	(169, 148)
72.0	(47, 37)
41.0	(25, 8)
