97.0	(139, 146)
97.0	(105, 123)
94.0	(125, 118)
124.0	(80, 78)
135.0	(147, 171)
48.0	(69, 41)
206.0	(277, 527)
60.0	(88, 50)
64.0	(41, 45)
69.0	(83, 63)
93.0	(79, 82)
82.0	(86, 105)
172.0	(174, 220)
118.0	(113, 130)
153.0	(98, 92)
112.0	(110, 181)
99.0	(182, 119)
220.0	(299, 525)
148.0	(255, 238)
212.0	(307, 314)
207.0	(295, 303)
163.0	(251, 233)
150.0	(185, 255)
139.0	(179, 192)
125.0	(82, 75)
98.0	(184, 156)
183.0	(280, 336)
143.0	(156, 307)
95.0	(205, 142)
85.0	(98, 116)
108.0	(137, 111)
123.0	(184, 137)
116.0	(128, 102)
130.0	(157, 189)
166.0	(262, 234)
93.0	(238, 108)
155.0	(279, 239)
121.0	(138, 153)
122.0	(155, 166)
65.0	(119, 120)
74.0	(78, 118)
90.0	(108, 123)
74.0	(121, 137)
176.0	(214, 181)
215.0	(122, 123)
100.0	(126, 88)
206.0	(298, 340)
399.0	(168, 148)
99.0	(49, 38)
80.0	(57, 41)
