82.0	(80, 85)
76.0	(112, 74)
45.0	(67, 43)
141.0	(150, 257)
86.0	(87, 54)
89.0	(97, 136)
167.0	(226, 149)
40.0	(28, 109)
82.0	(75, 77)
40.0	(41, 37)
156.0	(149, 332)
51.0	(46, 71)
96.0	(97, 109)
182.0	(165, 266)
122.0	(107, 99)
118.0	(114, 200)
81.0	(98, 108)
65.0	(157, 45)
42.0	(19, 18)
219.0	(212, 189)
210.0	(266, 241)
84.0	(362, 64)
70.0	(137, 84)
200.0	(169, 221)
183.0	(282, 213)
73.0	(78, 74)
133.0	(146, 173)
158.0	(141, 129)
221.0	(224, 237)
108.0	(81, 169)
251.0	(238, 285)
159.0	(149, 150)
106.0	(121, 171)
108.0	(98, 137)
71.0	(96, 71)
99.0	(89, 65)
50.0	(29, 34)
126.0	(123, 118)
91.0	(107, 107)
69.0	(88, 62)
38.0	(52, 27)
51.0	(223, 46)
165.0	(197, 134)
144.0	(210, 125)
215.0	(294, 235)
66.0	(57, 75)
63.0	(58, 184)
31.0	(16, 202)
60.0	(38, 135)
102.0	(91, 145)
