77.0	(139, 146)
82.0	(105, 123)
77.0	(125, 118)
112.0	(80, 78)
118.0	(147, 171)
41.0	(69, 32)
160.0	(277, 527)
50.0	(88, 50)
57.0	(41, 45)
61.0	(83, 63)
84.0	(79, 82)
68.0	(86, 105)
134.0	(174, 220)
91.0	(113, 130)
144.0	(98, 92)
90.0	(110, 181)
81.0	(182, 119)
167.0	(271, 486)
105.0	(246, 248)
150.0	(307, 314)
151.0	(295, 303)
120.0	(240, 221)
115.0	(185, 255)
117.0	(153, 161)
117.0	(82, 75)
69.0	(184, 156)
137.0	(267, 324)
113.0	(156, 307)
73.0	(251, 82)
70.0	(98, 116)
90.0	(137, 111)
103.0	(184, 137)
100.0	(128, 104)
103.0	(159, 186)
121.0	(254, 232)
74.0	(100, 110)
106.0	(270, 233)
93.0	(138, 153)
93.0	(155, 166)
51.0	(155, 91)
61.0	(78, 118)
71.0	(108, 123)
61.0	(121, 137)
154.0	(214, 181)
196.0	(122, 123)
84.0	(126, 88)
140.0	(298, 340)
389.0	(169, 148)
92.0	(49, 38)
74.0	(57, 41)
