45.0	(68, 69)
51.0	(40, 112)
40.0	(46, 53)
85.0	(76, 75)
89.0	(147, 171)
34.0	(60, 27)
58.0	(93, 347)
31.0	(43, 44)
34.0	(31, 32)
34.0	(33, 10)
43.0	(51, 56)
41.0	(66, 95)
61.0	(174, 220)
51.0	(50, 53)
128.0	(98, 92)
35.0	(66, 169)
35.0	(182, 102)
58.0	(88, 307)
49.0	(144, 94)
57.0	(199, 135)
62.0	(126, 183)
45.0	(240, 221)
47.0	(126, 90)
68.0	(138, 152)
116.0	(82, 75)
43.0	(159, 50)
67.0	(211, 256)
58.0	(109, 276)
40.0	(229, 63)
41.0	(117, 68)
65.0	(104, 85)
46.0	(136, 65)
61.0	(115, 95)
55.0	(73, 187)
50.0	(308, 188)
49.0	(101, 89)
46.0	(327, 92)
40.0	(110, 162)
37.0	(67, 20)
35.0	(153, 88)
33.0	(140, 87)
33.0	(116, 25)
41.0	(102, 119)
91.0	(214, 180)
155.0	(122, 123)
43.0	(100, 53)
55.0	(112, 83)
367.0	(169, 148)
85.0	(47, 37)
55.0	(55, 40)
