38.0	(29, 89)
28.0	(65, 26)
25.0	(57, 34)
32.0	(45, 56)
34.0	(73, 47)
37.0	(51, 82)
35.0	(76, 84)
20.0	(27, 107)
24.0	(48, 60)
20.0	(45, 26)
41.0	(54, 186)
18.0	(23, 29)
24.0	(76, 74)
40.0	(53, 121)
60.0	(89, 75)
34.0	(41, 117)
29.0	(22, 123)
40.0	(147, 23)
36.0	(202, 15)
35.0	(112, 83)
49.0	(240, 159)
34.0	(327, 15)
31.0	(128, 28)
50.0	(42, 228)
45.0	(209, 115)
25.0	(27, 105)
43.0	(152, 138)
30.0	(183, 94)
33.0	(192, 235)
31.0	(44, 178)
39.0	(100, 285)
40.0	(31, 147)
33.0	(13, 56)
51.0	(97, 222)
25.0	(106, 36)
44.0	(90, 63)
28.0	(58, 11)
34.0	(76, 69)
30.0	(114, 58)
30.0	(73, 43)
24.0	(18, 9)
29.0	(174, 30)
33.0	(50, 123)
40.0	(183, 121)
37.0	(61, 82)
28.0	(55, 77)
30.0	(49, 134)
22.0	(18, 86)
36.0	(35, 123)
31.0	(24, 138)
