88.0	(84, 115)
84.0	(112, 74)
46.0	(70, 44)
167.0	(150, 268)
89.0	(87, 54)
99.0	(97, 136)
180.0	(160, 149)
40.0	(28, 109)
96.0	(90, 78)
44.0	(41, 37)
180.0	(149, 332)
55.0	(46, 71)
100.0	(97, 109)
203.0	(165, 266)
137.0	(107, 99)
129.0	(114, 200)
86.0	(98, 108)
69.0	(157, 45)
47.0	(211, 19)
248.0	(236, 189)
243.0	(303, 241)
93.0	(362, 64)
83.0	(137, 84)
221.0	(169, 221)
216.0	(282, 213)
83.0	(78, 74)
154.0	(146, 173)
171.0	(141, 129)
251.0	(214, 265)
113.0	(81, 169)
295.0	(238, 285)
171.0	(168, 150)
113.0	(126, 190)
121.0	(97, 224)
78.0	(96, 71)
100.0	(94, 65)
59.0	(58, 35)
140.0	(123, 118)
99.0	(107, 107)
71.0	(88, 62)
46.0	(52, 27)
55.0	(261, 38)
176.0	(203, 136)
152.0	(210, 125)
245.0	(294, 235)
75.0	(57, 75)
71.0	(59, 189)
33.0	(24, 107)
62.0	(38, 135)
116.0	(91, 145)
