41.0	(68, 69)
38.0	(105, 123)
33.0	(46, 53)
76.0	(60, 61)
61.0	(141, 127)
34.0	(60, 27)
50.0	(93, 347)
31.0	(43, 44)
31.0	(26, 26)
34.0	(33, 10)
29.0	(43, 49)
35.0	(66, 95)
45.0	(174, 220)
41.0	(94, 50)
96.0	(98, 92)
31.0	(66, 169)
33.0	(179, 98)
45.0	(225, 306)
49.0	(144, 94)
57.0	(199, 135)
50.0	(126, 183)
42.0	(151, 165)
43.0	(126, 90)
36.0	(144, 128)
91.0	(82, 75)
31.0	(159, 50)
56.0	(198, 247)
51.0	(109, 276)
36.0	(143, 107)
36.0	(117, 68)
46.0	(68, 42)
40.0	(83, 91)
47.0	(115, 95)
43.0	(73, 187)
36.0	(277, 152)
45.0	(101, 89)
42.0	(316, 84)
40.0	(66, 121)
37.0	(67, 20)
32.0	(171, 79)
33.0	(140, 87)
33.0	(116, 25)
41.0	(102, 119)
64.0	(43, 42)
132.0	(122, 123)
41.0	(61, 99)
47.0	(81, 48)
350.0	(169, 148)
68.0	(47, 37)
41.0	(25, 8)
