231.0	(139, 146)
203.0	(105, 123)
213.0	(128, 118)
191.0	(81, 84)
295.0	(147, 171)
86.0	(74, 42)
540.0	(288, 559)
145.0	(96, 89)
177.0	(106, 89)
147.0	(89, 107)
177.0	(85, 101)
184.0	(96, 111)
388.0	(180, 222)
257.0	(158, 130)
223.0	(95, 95)
291.0	(171, 172)
241.0	(184, 147)
602.0	(304, 889)
429.0	(251, 248)
578.0	(372, 319)
569.0	(319, 295)
405.0	(251, 233)
338.0	(185, 255)
320.0	(179, 208)
190.0	(82, 75)
297.0	(184, 156)
518.0	(317, 331)
359.0	(207, 241)
284.0	(240, 143)
260.0	(221, 129)
295.0	(148, 182)
305.0	(180, 183)
269.0	(129, 187)
368.0	(256, 196)
447.0	(262, 234)
227.0	(238, 108)
487.0	(283, 237)
289.0	(166, 162)
301.0	(171, 164)
226.0	(157, 120)
198.0	(167, 124)
197.0	(115, 117)
200.0	(124, 144)
371.0	(216, 186)
308.0	(122, 126)
238.0	(117, 184)
567.0	(304, 341)
461.0	(171, 154)
138.0	(51, 41)
108.0	(58, 43)
