92.0	(139, 146)
93.0	(105, 123)
90.0	(125, 118)
118.0	(80, 78)
141.0	(147, 171)
43.0	(69, 32)
182.0	(277, 527)
52.0	(92, 82)
61.0	(41, 45)
65.0	(83, 63)
89.0	(82, 100)
81.0	(95, 109)
162.0	(174, 220)
106.0	(113, 130)
158.0	(98, 92)
95.0	(110, 181)
85.0	(182, 119)
200.0	(307, 517)
133.0	(255, 238)
180.0	(307, 314)
187.0	(295, 303)
139.0	(251, 233)
125.0	(185, 255)
130.0	(147, 163)
125.0	(82, 75)
86.0	(184, 156)
180.0	(272, 326)
134.0	(156, 307)
86.0	(251, 82)
80.0	(98, 116)
108.0	(147, 139)
110.0	(191, 139)
114.0	(128, 102)
112.0	(159, 186)
152.0	(262, 234)
85.0	(225, 108)
142.0	(283, 237)
105.0	(138, 153)
104.0	(155, 166)
56.0	(119, 120)
65.0	(78, 118)
79.0	(108, 123)
64.0	(121, 137)
160.0	(214, 181)
209.0	(122, 123)
88.0	(126, 88)
181.0	(302, 340)
391.0	(169, 148)
99.0	(49, 38)
77.0	(57, 41)
