103.0	(84, 87)
82.0	(111, 71)
53.0	(65, 40)
162.0	(150, 230)
98.0	(89, 62)
104.0	(97, 136)
197.0	(160, 149)
46.0	(28, 109)
94.0	(75, 77)
43.0	(41, 37)
180.0	(146, 264)
60.0	(46, 71)
119.0	(97, 109)
219.0	(165, 266)
129.0	(112, 100)
137.0	(114, 200)
97.0	(98, 108)
70.0	(157, 45)
43.0	(19, 18)
254.0	(212, 189)
250.0	(248, 241)
93.0	(323, 71)
82.0	(137, 84)
231.0	(169, 221)
222.0	(282, 213)
84.0	(78, 98)
157.0	(146, 173)
180.0	(141, 129)
264.0	(224, 237)
126.0	(84, 171)
282.0	(238, 259)
189.0	(150, 150)
135.0	(121, 171)
120.0	(98, 137)
89.0	(96, 71)
114.0	(93, 67)
51.0	(29, 34)
144.0	(123, 118)
109.0	(99, 109)
85.0	(88, 62)
38.0	(52, 36)
56.0	(189, 39)
189.0	(203, 136)
170.0	(210, 125)
260.0	(294, 235)
78.0	(57, 75)
69.0	(58, 184)
36.0	(16, 202)
65.0	(38, 135)
113.0	(90, 152)
