69.0	(80, 85)
71.0	(112, 74)
39.0	(67, 43)
127.0	(150, 257)
80.0	(87, 54)
83.0	(97, 136)
143.0	(146, 142)
36.0	(28, 109)
75.0	(90, 78)
33.0	(63, 38)
141.0	(149, 332)
41.0	(46, 71)
79.0	(97, 109)
161.0	(165, 260)
117.0	(107, 99)
109.0	(114, 200)
63.0	(98, 108)
62.0	(152, 39)
42.0	(211, 19)
201.0	(212, 189)
186.0	(266, 241)
80.0	(362, 64)
64.0	(137, 84)
178.0	(169, 221)
161.0	(282, 213)
63.0	(72, 79)
116.0	(146, 173)
140.0	(141, 129)
197.0	(214, 265)
94.0	(81, 169)
240.0	(238, 285)
140.0	(149, 150)
81.0	(121, 171)
99.0	(97, 222)
62.0	(96, 71)
90.0	(89, 65)
50.0	(58, 35)
104.0	(123, 118)
76.0	(107, 107)
58.0	(88, 62)
37.0	(52, 27)
46.0	(222, 46)
145.0	(197, 134)
119.0	(210, 125)
198.0	(294, 235)
60.0	(57, 75)
58.0	(59, 189)
30.0	(18, 86)
56.0	(38, 135)
94.0	(91, 145)
