82.0	(139, 146)
87.0	(105, 123)
83.0	(125, 118)
115.0	(80, 78)
127.0	(147, 171)
42.0	(69, 32)
170.0	(277, 527)
51.0	(88, 50)
59.0	(41, 45)
63.0	(83, 63)
86.0	(79, 82)
73.0	(95, 109)
147.0	(174, 220)
98.0	(113, 130)
151.0	(98, 92)
92.0	(110, 181)
83.0	(182, 119)
180.0	(307, 517)
115.0	(255, 238)
163.0	(307, 314)
167.0	(295, 303)
127.0	(240, 221)
119.0	(185, 255)
123.0	(153, 161)
119.0	(82, 75)
73.0	(184, 156)
156.0	(272, 326)
122.0	(156, 307)
79.0	(251, 82)
74.0	(98, 116)
95.0	(137, 111)
105.0	(184, 137)
107.0	(128, 102)
107.0	(159, 186)
131.0	(254, 232)
77.0	(100, 110)
119.0	(283, 237)
98.0	(138, 153)
98.0	(155, 166)
52.0	(155, 91)
62.0	(78, 118)
74.0	(108, 123)
62.0	(121, 137)
155.0	(214, 181)
201.0	(122, 123)
85.0	(126, 88)
154.0	(298, 340)
390.0	(169, 148)
95.0	(49, 38)
75.0	(57, 41)
