47.0	(68, 69)
56.0	(105, 123)
43.0	(80, 81)
87.0	(76, 75)
92.0	(147, 171)
36.0	(60, 27)
66.0	(99, 352)
32.0	(88, 50)
40.0	(41, 45)
37.0	(83, 63)
54.0	(79, 82)
48.0	(66, 95)
74.0	(162, 182)
56.0	(113, 129)
134.0	(98, 92)
37.0	(66, 169)
40.0	(182, 119)
67.0	(271, 486)
52.0	(194, 237)
58.0	(213, 223)
69.0	(126, 183)
56.0	(240, 221)
56.0	(182, 254)
78.0	(138, 152)
113.0	(82, 75)
45.0	(159, 50)
74.0	(198, 247)
59.0	(109, 276)
44.0	(170, 136)
45.0	(117, 68)
70.0	(104, 85)
59.0	(166, 118)
70.0	(115, 95)
58.0	(73, 187)
60.0	(308, 188)
51.0	(101, 89)
46.0	(327, 92)
43.0	(108, 122)
37.0	(67, 20)
37.0	(153, 88)
36.0	(78, 118)
33.0	(116, 25)
41.0	(102, 119)
105.0	(214, 180)
160.0	(122, 123)
53.0	(100, 53)
60.0	(112, 83)
369.0	(169, 148)
86.0	(47, 37)
61.0	(55, 40)
