46.0	(68, 69)
70.0	(105, 123)
50.0	(125, 118)
91.0	(76, 75)
115.0	(147, 171)
35.0	(60, 27)
85.0	(286, 337)
37.0	(74, 92)
37.0	(41, 45)
43.0	(81, 62)
57.0	(51, 56)
46.0	(66, 95)
100.0	(174, 220)
72.0	(113, 129)
146.0	(98, 92)
40.0	(66, 169)
40.0	(173, 82)
111.0	(307, 517)
80.0	(232, 214)
79.0	(373, 307)
90.0	(185, 277)
70.0	(233, 170)
56.0	(182, 254)
84.0	(147, 163)
124.0	(82, 75)
53.0	(213, 130)
123.0	(211, 256)
67.0	(109, 276)
57.0	(252, 74)
49.0	(117, 68)
79.0	(130, 124)
56.0	(176, 124)
67.0	(115, 95)
69.0	(73, 187)
87.0	(254, 232)
56.0	(100, 110)
55.0	(327, 92)
56.0	(108, 122)
41.0	(155, 166)
41.0	(119, 120)
36.0	(78, 118)
43.0	(115, 77)
41.0	(102, 119)
116.0	(214, 180)
172.0	(122, 123)
49.0	(100, 53)
88.0	(302, 340)
374.0	(169, 148)
91.0	(47, 37)
64.0	(59, 35)
