101.0	(139, 146)
99.0	(105, 123)
100.0	(125, 118)
127.0	(80, 78)
146.0	(147, 171)
49.0	(69, 41)
215.0	(277, 527)
61.0	(88, 50)
65.0	(106, 89)
71.0	(83, 63)
96.0	(82, 100)
89.0	(95, 109)
184.0	(174, 220)
123.0	(113, 130)
159.0	(98, 92)
113.0	(110, 181)
102.0	(182, 119)
230.0	(307, 517)
159.0	(255, 238)
223.0	(307, 314)
223.0	(295, 303)
171.0	(251, 233)
154.0	(185, 255)
143.0	(179, 192)
128.0	(82, 75)
104.0	(184, 156)
199.0	(280, 336)
153.0	(156, 307)
98.0	(205, 142)
89.0	(98, 116)
117.0	(144, 168)
125.0	(184, 137)
122.0	(128, 102)
133.0	(157, 189)
176.0	(262, 234)
97.0	(225, 108)
172.0	(283, 237)
126.0	(138, 153)
127.0	(155, 166)
67.0	(119, 120)
76.0	(78, 118)
91.0	(108, 123)
75.0	(124, 89)
179.0	(214, 181)
220.0	(122, 123)
105.0	(100, 175)
221.0	(298, 340)
400.0	(168, 148)
102.0	(49, 38)
81.0	(57, 41)
