46.0	(68, 69)
49.0	(105, 123)
40.0	(46, 53)
83.0	(76, 75)
75.0	(147, 171)
35.0	(60, 27)
62.0	(93, 347)
31.0	(88, 50)
36.0	(41, 45)
34.0	(33, 10)
45.0	(51, 56)
43.0	(66, 95)
57.0	(174, 220)
41.0	(94, 50)
122.0	(98, 92)
36.0	(66, 169)
36.0	(182, 102)
55.0	(187, 840)
49.0	(144, 94)
57.0	(199, 135)
61.0	(126, 183)
45.0	(175, 164)
48.0	(126, 90)
67.0	(138, 152)
105.0	(82, 75)
41.0	(159, 50)
61.0	(198, 247)
57.0	(109, 276)
40.0	(170, 136)
43.0	(117, 68)
61.0	(99, 78)
46.0	(166, 118)
64.0	(115, 95)
53.0	(73, 187)
42.0	(277, 152)
50.0	(101, 89)
43.0	(327, 92)
40.0	(66, 121)
37.0	(67, 20)
36.0	(153, 88)
33.0	(140, 87)
33.0	(116, 25)
41.0	(102, 119)
89.0	(214, 180)
148.0	(122, 123)
47.0	(100, 53)
50.0	(112, 83)
363.0	(169, 148)
81.0	(47, 37)
55.0	(55, 40)
