40.0	(29, 89)
31.0	(54, 18)
25.0	(57, 34)
48.0	(130, 259)
56.0	(73, 47)
48.0	(76, 105)
69.0	(125, 149)
24.0	(27, 107)
29.0	(88, 66)
20.0	(45, 26)
74.0	(136, 313)
23.0	(17, 65)
32.0	(76, 74)
67.0	(140, 280)
60.0	(89, 75)
50.0	(90, 177)
34.0	(53, 123)
43.0	(149, 26)
36.0	(202, 15)
57.0	(212, 189)
76.0	(293, 206)
43.0	(347, 44)
34.0	(54, 88)
81.0	(160, 213)
54.0	(185, 136)
37.0	(33, 43)
52.0	(152, 138)
55.0	(141, 129)
58.0	(204, 70)
51.0	(53, 208)
95.0	(238, 285)
55.0	(118, 122)
39.0	(85, 32)
53.0	(97, 222)
36.0	(72, 42)
71.0	(89, 65)
38.0	(22, 18)
36.0	(76, 69)
42.0	(73, 88)
35.0	(81, 54)
24.0	(18, 9)
35.0	(174, 30)
59.0	(198, 126)
43.0	(178, 118)
74.0	(272, 215)
32.0	(46, 73)
32.0	(49, 134)
26.0	(18, 86)
45.0	(35, 123)
45.0	(66, 129)
