45.0	(68, 69)
66.0	(105, 123)
43.0	(125, 118)
87.0	(76, 75)
106.0	(147, 171)
34.0	(60, 27)
73.0	(286, 337)
34.0	(74, 92)
34.0	(31, 32)
39.0	(81, 62)
52.0	(51, 56)
42.0	(66, 95)
85.0	(174, 220)
63.0	(108, 122)
140.0	(98, 92)
36.0	(66, 169)
35.0	(182, 102)
90.0	(307, 517)
63.0	(232, 214)
63.0	(385, 208)
81.0	(185, 277)
59.0	(233, 170)
50.0	(193, 158)
74.0	(138, 152)
123.0	(82, 75)
45.0	(159, 50)
103.0	(211, 256)
59.0	(109, 276)
51.0	(252, 74)
44.0	(117, 68)
70.0	(130, 124)
49.0	(136, 65)
62.0	(115, 95)
61.0	(73, 187)
70.0	(254, 232)
52.0	(100, 110)
50.0	(327, 92)
51.0	(108, 122)
37.0	(67, 20)
39.0	(119, 120)
33.0	(142, 95)
38.0	(115, 77)
41.0	(102, 119)
105.0	(214, 180)
162.0	(122, 123)
44.0	(100, 53)
70.0	(302, 340)
372.0	(169, 148)
88.0	(47, 37)
60.0	(59, 35)
