171.0	(139, 146)
157.0	(105, 123)
161.0	(125, 118)
161.0	(81, 83)
226.0	(147, 171)
70.0	(69, 41)
383.0	(288, 559)
105.0	(95, 73)
129.0	(106, 89)
105.0	(89, 107)
141.0	(82, 100)
140.0	(96, 111)
299.0	(176, 218)
192.0	(113, 130)
189.0	(98, 92)
204.0	(171, 172)
162.0	(184, 147)
419.0	(300, 529)
310.0	(246, 248)
414.0	(307, 314)
417.0	(319, 295)
307.0	(251, 233)
260.0	(185, 255)
232.0	(179, 208)
159.0	(82, 75)
215.0	(184, 156)
367.0	(317, 331)
240.0	(207, 241)
202.0	(240, 143)
173.0	(213, 128)
207.0	(149, 174)
223.0	(180, 183)
184.0	(129, 187)
242.0	(251, 196)
327.0	(262, 234)
165.0	(238, 108)
354.0	(283, 237)
210.0	(166, 162)
226.0	(171, 164)
157.0	(157, 120)
134.0	(188, 125)
145.0	(115, 117)
134.0	(124, 144)
280.0	(216, 186)
273.0	(122, 123)
181.0	(104, 184)
416.0	(304, 341)
432.0	(168, 148)
121.0	(49, 38)
96.0	(57, 41)
