42.0	(68, 69)
47.0	(40, 112)
38.0	(46, 53)
81.0	(76, 75)
90.0	(118, 140)
34.0	(60, 27)
51.0	(286, 337)
31.0	(43, 44)
31.0	(31, 32)
34.0	(33, 10)
34.0	(26, 28)
36.0	(66, 95)
51.0	(174, 220)
51.0	(50, 53)
131.0	(98, 92)
32.0	(66, 169)
33.0	(179, 98)
56.0	(88, 307)
49.0	(144, 94)
57.0	(199, 135)
53.0	(126, 183)
42.0	(151, 165)
44.0	(126, 90)
51.0	(138, 152)
120.0	(82, 75)
39.0	(159, 50)
76.0	(211, 256)
56.0	(109, 276)
38.0	(202, 39)
39.0	(117, 68)
60.0	(94, 72)
46.0	(136, 65)
50.0	(115, 95)
52.0	(73, 187)
42.0	(308, 188)
46.0	(101, 89)
45.0	(327, 92)
42.0	(80, 129)
37.0	(67, 20)
33.0	(119, 120)
33.0	(140, 87)
33.0	(116, 25)
41.0	(102, 119)
74.0	(214, 180)
150.0	(122, 123)
41.0	(61, 99)
50.0	(199, 140)
366.0	(169, 148)
82.0	(47, 37)
47.0	(50, 33)
