45.0	(68, 69)
47.0	(105, 123)
38.0	(46, 53)
81.0	(76, 75)
69.0	(147, 171)
34.0	(60, 27)
58.0	(93, 347)
31.0	(43, 44)
34.0	(31, 32)
34.0	(33, 10)
39.0	(51, 56)
41.0	(66, 95)
54.0	(174, 220)
41.0	(94, 50)
114.0	(98, 92)
35.0	(66, 169)
35.0	(182, 102)
53.0	(58, 283)
49.0	(144, 94)
57.0	(199, 135)
58.0	(126, 183)
42.0	(151, 165)
47.0	(126, 90)
60.0	(138, 152)
103.0	(82, 75)
39.0	(159, 50)
60.0	(198, 247)
56.0	(109, 276)
38.0	(170, 136)
41.0	(117, 68)
57.0	(99, 78)
42.0	(136, 65)
60.0	(115, 95)
51.0	(73, 187)
41.0	(277, 152)
49.0	(101, 89)
42.0	(327, 92)
40.0	(66, 121)
37.0	(67, 20)
35.0	(153, 88)
33.0	(140, 87)
33.0	(116, 25)
41.0	(102, 119)
79.0	(214, 180)
143.0	(122, 123)
43.0	(100, 53)
47.0	(81, 48)
361.0	(169, 148)
79.0	(47, 37)
52.0	(50, 33)
