121.0	(139, 146)
106.0	(105, 123)
109.0	(120, 117)
128.0	(81, 83)
186.0	(147, 171)
46.0	(69, 41)
273.0	(291, 341)
70.0	(95, 73)
93.0	(107, 88)
77.0	(83, 63)
111.0	(82, 100)
107.0	(101, 111)
224.0	(176, 218)
133.0	(117, 130)
172.0	(98, 92)
137.0	(171, 172)
103.0	(161, 142)
314.0	(307, 517)
212.0	(255, 238)
281.0	(370, 318)
288.0	(319, 295)
192.0	(251, 233)
163.0	(185, 255)
183.0	(176, 206)
139.0	(82, 75)
139.0	(198, 153)
284.0	(289, 335)
168.0	(156, 307)
129.0	(192, 143)
118.0	(213, 128)
157.0	(138, 140)
142.0	(180, 183)
152.0	(129, 187)
171.0	(191, 189)
230.0	(262, 234)
122.0	(237, 114)
230.0	(283, 237)
152.0	(166, 162)
134.0	(171, 166)
105.0	(157, 120)
86.0	(184, 123)
100.0	(92, 126)
92.0	(124, 144)
221.0	(214, 181)
229.0	(122, 123)
119.0	(126, 163)
283.0	(302, 340)
396.0	(169, 148)
110.0	(49, 38)
84.0	(59, 35)
