41.0	(68, 69)
45.0	(40, 112)
37.0	(46, 53)
80.0	(60, 61)
88.0	(118, 140)
34.0	(60, 27)
50.0	(93, 347)
31.0	(43, 44)
31.0	(26, 26)
34.0	(33, 10)
32.0	(26, 28)
35.0	(66, 95)
49.0	(174, 220)
49.0	(50, 53)
128.0	(98, 92)
31.0	(66, 169)
33.0	(179, 98)
54.0	(88, 307)
49.0	(144, 94)
57.0	(199, 135)
50.0	(126, 183)
42.0	(151, 165)
43.0	(126, 90)
45.0	(138, 152)
119.0	(82, 75)
37.0	(159, 50)
68.0	(198, 247)
55.0	(109, 276)
36.0	(202, 39)
38.0	(117, 68)
57.0	(94, 72)
45.0	(136, 65)
47.0	(115, 95)
51.0	(73, 187)
40.0	(277, 152)
45.0	(101, 89)
44.0	(327, 92)
41.0	(80, 129)
37.0	(67, 20)
32.0	(171, 79)
33.0	(140, 87)
33.0	(116, 25)
41.0	(102, 119)
68.0	(43, 42)
147.0	(122, 123)
41.0	(61, 99)
47.0	(81, 48)
364.0	(169, 148)
80.0	(47, 37)
44.0	(50, 33)
