79.0	(80, 85)
71.0	(111, 71)
44.0	(67, 43)
126.0	(150, 257)
83.0	(87, 54)
85.0	(97, 136)
159.0	(226, 149)
40.0	(28, 109)
77.0	(75, 77)
37.0	(41, 37)
140.0	(149, 332)
47.0	(46, 71)
94.0	(97, 109)
170.0	(165, 266)
110.0	(107, 99)
115.0	(114, 200)
76.0	(98, 108)
61.0	(157, 45)
39.0	(19, 18)
206.0	(212, 189)
190.0	(248, 241)
79.0	(362, 64)
63.0	(137, 84)
189.0	(169, 221)
168.0	(282, 213)
67.0	(78, 74)
119.0	(146, 173)
148.0	(141, 129)
210.0	(224, 237)
103.0	(81, 169)
229.0	(238, 285)
152.0	(149, 150)
102.0	(121, 171)
98.0	(98, 137)
69.0	(96, 71)
98.0	(89, 65)
47.0	(29, 34)
114.0	(123, 118)
87.0	(99, 109)
68.0	(91, 59)
34.0	(52, 27)
47.0	(223, 46)
159.0	(197, 134)
137.0	(210, 125)
198.0	(294, 235)
61.0	(57, 75)
58.0	(58, 184)
31.0	(16, 202)
58.0	(38, 135)
95.0	(75, 138)
