44.0	(68, 69)
44.0	(105, 123)
36.0	(46, 53)
79.0	(60, 61)
61.0	(141, 127)
34.0	(60, 27)
54.0	(93, 347)
31.0	(43, 44)
33.0	(31, 32)
34.0	(33, 10)
34.0	(26, 28)
39.0	(66, 95)
51.0	(174, 220)
41.0	(94, 50)
104.0	(98, 92)
34.0	(66, 169)
34.0	(182, 102)
50.0	(58, 283)
49.0	(144, 94)
57.0	(199, 135)
54.0	(126, 183)
42.0	(151, 165)
46.0	(126, 90)
52.0	(129, 140)
95.0	(82, 75)
35.0	(159, 50)
59.0	(198, 247)
54.0	(109, 276)
36.0	(170, 136)
39.0	(117, 68)
52.0	(68, 42)
40.0	(83, 91)
56.0	(115, 95)
47.0	(73, 187)
39.0	(277, 152)
48.0	(101, 89)
42.0	(316, 84)
40.0	(66, 121)
37.0	(67, 20)
34.0	(153, 88)
33.0	(140, 87)
33.0	(116, 25)
41.0	(102, 119)
70.0	(214, 180)
138.0	(122, 123)
42.0	(100, 53)
47.0	(81, 48)
356.0	(169, 148)
74.0	(47, 37)
48.0	(50, 33)
