38.0	(29, 89)
28.0	(65, 26)
25.0	(57, 34)
35.0	(92, 163)
46.0	(73, 47)
44.0	(63, 93)
51.0	(76, 84)
21.0	(27, 107)
24.0	(48, 60)
20.0	(45, 26)
54.0	(102, 279)
18.0	(23, 29)
24.0	(76, 74)
40.0	(53, 121)
60.0	(89, 75)
34.0	(86, 172)
30.0	(53, 123)
40.0	(149, 26)
36.0	(202, 15)
35.0	(210, 188)
57.0	(240, 159)
36.0	(336, 25)
31.0	(128, 28)
51.0	(42, 228)
45.0	(209, 115)
31.0	(33, 43)
43.0	(152, 138)
34.0	(345, 58)
39.0	(192, 42)
38.0	(25, 176)
69.0	(100, 285)
40.0	(31, 147)
35.0	(35, 270)
51.0	(97, 222)
31.0	(72, 42)
61.0	(87, 62)
35.0	(22, 18)
34.0	(76, 69)
30.0	(128, 48)
31.0	(76, 47)
24.0	(18, 9)
29.0	(174, 30)
35.0	(43, 78)
40.0	(183, 121)
46.0	(61, 82)
28.0	(55, 77)
30.0	(49, 134)
22.0	(18, 86)
42.0	(35, 123)
32.0	(36, 147)
