51.0	(80, 85)
49.0	(111, 71)
32.0	(67, 43)
76.0	(130, 259)
69.0	(87, 54)
65.0	(97, 136)
105.0	(138, 129)
32.0	(28, 109)
47.0	(67, 76)
25.0	(63, 38)
101.0	(136, 313)
29.0	(22, 71)
54.0	(97, 109)
107.0	(165, 260)
90.0	(89, 75)
81.0	(114, 200)
45.0	(42, 121)
51.0	(152, 39)
36.0	(202, 15)
130.0	(212, 189)
114.0	(248, 241)
60.0	(347, 44)
48.0	(137, 36)
123.0	(169, 221)
97.0	(178, 218)
45.0	(33, 43)
73.0	(152, 138)
100.0	(141, 129)
122.0	(209, 232)
72.0	(81, 169)
154.0	(238, 259)
100.0	(149, 150)
54.0	(100, 82)
70.0	(97, 205)
46.0	(73, 44)
82.0	(89, 65)
41.0	(29, 34)
60.0	(113, 107)
59.0	(73, 88)
47.0	(81, 54)
27.0	(52, 27)
37.0	(207, 35)
108.0	(197, 134)
83.0	(206, 122)
131.0	(294, 235)
40.0	(57, 75)
42.0	(58, 184)
26.0	(18, 86)
50.0	(35, 123)
66.0	(66, 129)
