44.0	(68, 69)
51.0	(105, 123)
40.0	(46, 53)
85.0	(76, 75)
96.0	(147, 171)
34.0	(60, 27)
61.0	(286, 337)
31.0	(43, 44)
33.0	(31, 32)
34.0	(33, 10)
47.0	(51, 56)
39.0	(66, 95)
72.0	(174, 220)
56.0	(108, 122)
137.0	(98, 92)
34.0	(66, 169)
34.0	(182, 102)
63.0	(234, 467)
49.0	(194, 237)
57.0	(203, 144)
71.0	(183, 273)
47.0	(240, 221)
46.0	(126, 90)
65.0	(138, 152)
122.0	(82, 75)
43.0	(159, 50)
94.0	(211, 256)
58.0	(109, 276)
44.0	(252, 74)
41.0	(117, 68)
66.0	(94, 72)
48.0	(136, 65)
57.0	(115, 95)
57.0	(73, 187)
54.0	(308, 188)
50.0	(57, 83)
47.0	(327, 92)
46.0	(121, 139)
37.0	(67, 20)
37.0	(119, 120)
33.0	(140, 87)
33.0	(116, 25)
41.0	(102, 119)
94.0	(214, 180)
157.0	(122, 123)
42.0	(100, 53)
62.0	(199, 140)
370.0	(169, 148)
86.0	(47, 37)
56.0	(59, 35)
