42.0	(29, 89)
28.0	(65, 26)
25.0	(57, 34)
35.0	(92, 163)
47.0	(73, 47)
44.0	(63, 93)
57.0	(125, 149)
21.0	(27, 107)
26.0	(80, 57)
20.0	(45, 26)
64.0	(102, 279)
18.0	(44, 48)
25.0	(76, 74)
60.0	(107, 165)
60.0	(89, 75)
44.0	(86, 172)
32.0	(53, 123)
40.0	(149, 26)
36.0	(202, 15)
37.0	(268, 104)
72.0	(293, 206)
40.0	(336, 28)
31.0	(128, 28)
58.0	(155, 209)
50.0	(54, 60)
31.0	(33, 43)
55.0	(152, 138)
44.0	(396, 105)
46.0	(216, 61)
38.0	(53, 208)
73.0	(238, 285)
43.0	(118, 122)
37.0	(35, 270)
53.0	(97, 222)
31.0	(72, 42)
63.0	(87, 62)
35.0	(22, 18)
40.0	(76, 69)
34.0	(123, 77)
31.0	(76, 47)
24.0	(18, 9)
35.0	(174, 30)
46.0	(221, 134)
40.0	(183, 121)
52.0	(86, 234)
28.0	(55, 77)
30.0	(49, 134)
26.0	(18, 86)
42.0	(35, 123)
36.0	(38, 145)
