137.0	(84, 87)
114.0	(112, 74)
70.0	(70, 44)
251.0	(150, 268)
119.0	(89, 62)
151.0	(97, 137)
260.0	(226, 149)
54.0	(28, 109)
132.0	(90, 78)
65.0	(41, 37)
260.0	(149, 207)
85.0	(46, 71)
165.0	(97, 109)
308.0	(165, 266)
178.0	(112, 100)
202.0	(113, 182)
142.0	(98, 118)
85.0	(157, 45)
52.0	(19, 18)
350.0	(236, 189)
373.0	(303, 241)
126.0	(323, 71)
131.0	(137, 84)
313.0	(173, 229)
337.0	(243, 220)
122.0	(76, 102)
232.0	(146, 173)
236.0	(143, 130)
365.0	(225, 261)
158.0	(86, 175)
405.0	(236, 289)
253.0	(170, 153)
203.0	(126, 190)
162.0	(98, 137)
121.0	(96, 71)
139.0	(94, 65)
77.0	(58, 35)
203.0	(123, 118)
151.0	(107, 107)
107.0	(88, 62)
61.0	(56, 31)
79.0	(196, 46)
265.0	(203, 136)
226.0	(210, 125)
365.0	(294, 235)
102.0	(57, 75)
99.0	(59, 189)
44.0	(17, 204)
83.0	(38, 135)
155.0	(91, 145)
