161.0	(139, 146)
152.0	(105, 123)
152.0	(125, 118)
156.0	(81, 83)
214.0	(147, 171)
69.0	(69, 41)
351.0	(288, 559)
98.0	(96, 87)
123.0	(106, 89)
100.0	(89, 107)
136.0	(82, 100)
132.0	(96, 111)
279.0	(176, 218)
188.0	(113, 130)
187.0	(98, 92)
184.0	(171, 172)
153.0	(184, 147)
395.0	(300, 529)
295.0	(255, 238)
388.0	(307, 314)
381.0	(319, 295)
297.0	(251, 233)
251.0	(185, 255)
218.0	(179, 194)
154.0	(82, 75)
199.0	(184, 156)
346.0	(317, 331)
225.0	(156, 307)
184.0	(240, 143)
151.0	(198, 128)
192.0	(149, 174)
205.0	(180, 183)
173.0	(128, 173)
227.0	(245, 194)
306.0	(262, 234)
159.0	(238, 108)
337.0	(283, 237)
192.0	(166, 162)
218.0	(171, 164)
143.0	(157, 120)
127.0	(188, 125)
141.0	(108, 123)
123.0	(121, 137)
268.0	(216, 186)
269.0	(122, 123)
176.0	(104, 184)
391.0	(304, 341)
431.0	(168, 148)
119.0	(49, 38)
95.0	(57, 41)
