59.0	(139, 146)
67.0	(105, 123)
56.0	(125, 118)
95.0	(76, 75)
120.0	(147, 171)
37.0	(60, 27)
90.0	(277, 527)
37.0	(62, 72)
44.0	(41, 45)
46.0	(83, 63)
64.0	(79, 82)
53.0	(66, 95)
106.0	(174, 220)
79.0	(113, 129)
146.0	(98, 92)
51.0	(85, 157)
53.0	(182, 119)
111.0	(307, 517)
79.0	(206, 244)
90.0	(307, 314)
99.0	(292, 292)
80.0	(248, 189)
66.0	(185, 255)
94.0	(147, 163)
121.0	(82, 75)
49.0	(212, 111)
110.0	(211, 256)
73.0	(156, 307)
58.0	(251, 82)
53.0	(141, 85)
82.0	(130, 124)
72.0	(176, 124)
80.0	(128, 104)
68.0	(73, 187)
89.0	(254, 232)
55.0	(63, 86)
69.0	(254, 237)
59.0	(138, 153)
56.0	(155, 166)
39.0	(171, 79)
45.0	(78, 118)
44.0	(115, 77)
42.0	(121, 137)
122.0	(214, 180)
175.0	(122, 123)
59.0	(105, 59)
98.0	(309, 247)
376.0	(169, 148)
92.0	(47, 37)
67.0	(55, 40)
