216.0	(139, 146)
194.0	(105, 123)
201.0	(128, 118)
184.0	(81, 84)
275.0	(147, 171)
83.0	(76, 37)
493.0	(288, 559)
132.0	(95, 73)
165.0	(106, 89)
136.0	(85, 91)
166.0	(85, 103)
169.0	(96, 111)
360.0	(180, 228)
235.0	(158, 130)
213.0	(95, 95)
264.0	(171, 172)
219.0	(184, 147)
544.0	(304, 889)
406.0	(246, 248)
533.0	(385, 317)
529.0	(319, 295)
390.0	(251, 233)
319.0	(185, 255)
295.0	(179, 208)
178.0	(82, 75)
276.0	(184, 156)
483.0	(317, 331)
326.0	(207, 241)
264.0	(240, 143)
232.0	(213, 128)
271.0	(149, 174)
281.0	(180, 183)
239.0	(129, 187)
322.0	(251, 196)
416.0	(262, 234)
206.0	(238, 108)
458.0	(283, 237)
260.0	(166, 162)
285.0	(171, 164)
209.0	(157, 120)
181.0	(161, 124)
187.0	(114, 125)
185.0	(124, 144)
347.0	(216, 186)
304.0	(122, 123)
225.0	(117, 184)
525.0	(304, 341)
455.0	(171, 154)
134.0	(51, 41)
106.0	(58, 43)
