43.0	(29, 89)
29.0	(54, 18)
25.0	(60, 42)
37.0	(92, 163)
49.0	(87, 54)
45.0	(63, 93)
64.0	(125, 149)
22.0	(27, 107)
28.0	(62, 61)
20.0	(45, 26)
74.0	(102, 279)
19.0	(44, 48)
29.0	(76, 74)
65.0	(107, 165)
60.0	(89, 75)
50.0	(86, 172)
33.0	(53, 123)
41.0	(149, 26)
36.0	(202, 15)
49.0	(210, 188)
77.0	(293, 206)
43.0	(336, 28)
31.0	(128, 28)
68.0	(160, 213)
53.0	(54, 60)
33.0	(33, 43)
60.0	(152, 138)
50.0	(396, 105)
52.0	(204, 70)
42.0	(53, 208)
92.0	(238, 285)
49.0	(118, 122)
38.0	(35, 270)
58.0	(97, 222)
32.0	(72, 42)
66.0	(87, 62)
36.0	(22, 18)
41.0	(76, 69)
35.0	(123, 77)
32.0	(81, 54)
24.0	(18, 9)
36.0	(174, 30)
53.0	(221, 134)
43.0	(178, 118)
66.0	(264, 205)
29.0	(46, 73)
30.0	(49, 134)
27.0	(18, 86)
43.0	(35, 123)
41.0	(66, 129)
