41.0	(29, 89)
28.0	(65, 26)
25.0	(57, 34)
33.0	(92, 163)
45.0	(73, 47)
43.0	(63, 93)
51.0	(125, 149)
20.0	(27, 107)
25.0	(80, 57)
20.0	(45, 26)
58.0	(102, 279)
18.0	(23, 29)
24.0	(76, 74)
50.0	(107, 165)
60.0	(89, 75)
38.0	(86, 172)
31.0	(53, 123)
40.0	(147, 23)
36.0	(202, 15)
36.0	(210, 188)
67.0	(293, 206)
37.0	(336, 28)
31.0	(128, 28)
51.0	(42, 228)
47.0	(54, 60)
29.0	(33, 43)
50.0	(152, 138)
38.0	(396, 105)
43.0	(216, 61)
37.0	(25, 176)
66.0	(100, 285)
40.0	(31, 147)
36.0	(35, 270)
51.0	(97, 222)
30.0	(72, 42)
60.0	(87, 62)
34.0	(22, 18)
39.0	(76, 69)
33.0	(123, 77)
30.0	(76, 47)
24.0	(18, 9)
34.0	(174, 30)
39.0	(221, 134)
40.0	(183, 121)
46.0	(72, 89)
28.0	(55, 77)
30.0	(49, 134)
25.0	(18, 86)
41.0	(35, 123)
35.0	(36, 147)
