46.0	(68, 69)
48.0	(105, 123)
40.0	(46, 53)
82.0	(76, 75)
67.0	(147, 171)
35.0	(60, 27)
62.0	(93, 347)
31.0	(88, 50)
36.0	(41, 45)
34.0	(33, 10)
43.0	(51, 56)
43.0	(66, 95)
57.0	(174, 220)
41.0	(94, 50)
114.0	(98, 92)
36.0	(66, 169)
36.0	(182, 102)
54.0	(92, 84)
49.0	(144, 94)
57.0	(199, 135)
60.0	(126, 183)
42.0	(175, 164)
48.0	(126, 90)
64.0	(129, 140)
99.0	(82, 75)
40.0	(159, 50)
61.0	(198, 247)
56.0	(109, 276)
40.0	(170, 136)
43.0	(117, 68)
57.0	(99, 78)
45.0	(166, 118)
64.0	(115, 95)
51.0	(73, 187)
41.0	(277, 152)
50.0	(101, 89)
42.0	(316, 84)
40.0	(66, 121)
37.0	(67, 20)
36.0	(153, 88)
33.0	(140, 87)
33.0	(116, 25)
41.0	(102, 119)
84.0	(214, 180)
146.0	(122, 123)
47.0	(100, 53)
47.0	(112, 83)
361.0	(169, 148)
78.0	(47, 37)
54.0	(50, 33)
