47.0	(68, 69)
52.0	(105, 123)
42.0	(46, 53)
86.0	(76, 75)
82.0	(147, 171)
36.0	(60, 27)
66.0	(99, 352)
32.0	(88, 50)
40.0	(41, 45)
35.0	(83, 63)
52.0	(79, 82)
47.0	(66, 95)
68.0	(162, 182)
45.0	(91, 98)
126.0	(98, 92)
37.0	(66, 169)
37.0	(182, 119)
62.0	(95, 88)
49.0	(144, 94)
57.0	(199, 135)
66.0	(126, 183)
51.0	(175, 164)
53.0	(182, 254)
74.0	(138, 152)
107.0	(82, 75)
44.0	(159, 50)
67.0	(198, 247)
58.0	(109, 276)
43.0	(170, 136)
45.0	(117, 68)
65.0	(104, 85)
56.0	(166, 118)
69.0	(115, 95)
55.0	(73, 187)
49.0	(308, 188)
51.0	(101, 89)
46.0	(196, 119)
40.0	(177, 77)
37.0	(67, 20)
37.0	(153, 88)
34.0	(78, 118)
33.0	(116, 25)
41.0	(102, 119)
99.0	(214, 180)
156.0	(122, 123)
53.0	(100, 53)
55.0	(112, 83)
367.0	(169, 148)
83.0	(47, 37)
59.0	(55, 40)
