44.0	(68, 69)
49.0	(40, 112)
39.0	(46, 53)
83.0	(76, 75)
84.0	(147, 171)
34.0	(60, 27)
54.0	(93, 347)
31.0	(43, 44)
33.0	(31, 32)
34.0	(33, 10)
37.0	(51, 56)
39.0	(66, 95)
54.0	(174, 220)
49.0	(50, 53)
126.0	(98, 92)
34.0	(66, 169)
34.0	(182, 102)
54.0	(88, 307)
49.0	(144, 94)
57.0	(199, 135)
57.0	(126, 183)
42.0	(151, 165)
46.0	(126, 90)
61.0	(138, 152)
115.0	(82, 75)
41.0	(159, 50)
59.0	(198, 247)
57.0	(109, 276)
36.0	(170, 136)
39.0	(117, 68)
62.0	(94, 72)
45.0	(136, 65)
56.0	(115, 95)
53.0	(73, 187)
43.0	(308, 188)
48.0	(101, 89)
45.0	(327, 92)
40.0	(66, 121)
37.0	(67, 20)
34.0	(153, 88)
33.0	(140, 87)
33.0	(116, 25)
41.0	(102, 119)
81.0	(214, 180)
150.0	(122, 123)
42.0	(100, 53)
50.0	(112, 83)
365.0	(169, 148)
83.0	(47, 37)
51.0	(55, 40)
