43.0	(68, 69)
49.0	(40, 112)
39.0	(46, 53)
83.0	(76, 75)
92.0	(147, 171)
34.0	(60, 27)
56.0	(286, 337)
31.0	(43, 44)
32.0	(31, 32)
34.0	(33, 10)
43.0	(43, 49)
37.0	(66, 95)
60.0	(174, 220)
53.0	(50, 53)
134.0	(98, 92)
33.0	(66, 169)
33.0	(182, 102)
58.0	(88, 307)
49.0	(144, 94)
57.0	(199, 135)
61.0	(183, 273)
42.0	(151, 165)
45.0	(126, 90)
58.0	(138, 152)
121.0	(82, 75)
41.0	(159, 50)
85.0	(211, 256)
57.0	(109, 276)
40.0	(202, 39)
40.0	(117, 68)
63.0	(94, 72)
47.0	(136, 65)
53.0	(115, 95)
53.0	(73, 187)
46.0	(308, 188)
47.0	(101, 89)
46.0	(327, 92)
43.0	(80, 129)
37.0	(67, 20)
35.0	(119, 120)
33.0	(140, 87)
33.0	(116, 25)
41.0	(102, 119)
84.0	(214, 180)
153.0	(122, 123)
41.0	(100, 53)
59.0	(199, 140)
368.0	(169, 148)
84.0	(47, 37)
50.0	(55, 40)
