65.0	(84, 87)
69.0	(112, 74)
34.0	(70, 30)
129.0	(150, 268)
81.0	(87, 54)
85.0	(97, 136)
141.0	(226, 149)
32.0	(28, 109)
74.0	(90, 78)
31.0	(82, 37)
152.0	(144, 343)
44.0	(44, 48)
78.0	(97, 98)
158.0	(165, 266)
116.0	(107, 99)
112.0	(114, 200)
51.0	(98, 108)
59.0	(152, 39)
50.0	(215, 19)
207.0	(236, 189)
197.0	(303, 234)
81.0	(364, 54)
64.0	(137, 84)
179.0	(173, 229)
166.0	(251, 216)
62.0	(72, 83)
122.0	(149, 171)
132.0	(141, 129)
211.0	(214, 265)
85.0	(81, 169)
260.0	(238, 285)
143.0	(165, 149)
92.0	(125, 180)
97.0	(97, 222)
65.0	(114, 66)
86.0	(89, 65)
58.0	(58, 35)
92.0	(121, 121)
74.0	(128, 86)
51.0	(88, 62)
38.0	(52, 27)
51.0	(261, 38)
143.0	(224, 132)
114.0	(206, 122)
184.0	(294, 235)
56.0	(57, 75)
62.0	(59, 189)
32.0	(18, 86)
55.0	(38, 128)
93.0	(91, 145)
