153.0	(139, 146)
147.0	(105, 123)
146.0	(125, 118)
152.0	(81, 83)
204.0	(147, 171)
68.0	(76, 37)
335.0	(288, 559)
96.0	(96, 87)
119.0	(106, 89)
97.0	(89, 107)
130.0	(82, 100)
125.0	(96, 111)
265.0	(180, 228)
185.0	(113, 130)
185.0	(98, 92)
170.0	(171, 172)
149.0	(184, 147)
378.0	(307, 517)
287.0	(255, 238)
373.0	(307, 314)
354.0	(316, 301)
288.0	(251, 233)
245.0	(185, 255)
211.0	(179, 194)
151.0	(82, 75)
190.0	(184, 156)
334.0	(317, 331)
220.0	(156, 307)
173.0	(240, 143)
144.0	(129, 129)
185.0	(149, 174)
188.0	(180, 183)
168.0	(128, 173)
218.0	(245, 194)
293.0	(262, 234)
157.0	(238, 108)
324.0	(283, 237)
184.0	(148, 162)
210.0	(171, 164)
135.0	(157, 120)
122.0	(188, 125)
139.0	(108, 123)
121.0	(121, 137)
259.0	(216, 186)
267.0	(122, 123)
171.0	(104, 184)
378.0	(298, 340)
430.0	(168, 148)
117.0	(49, 38)
94.0	(57, 41)
