104.0	(139, 146)
94.0	(105, 123)
91.0	(125, 118)
112.0	(76, 75)
172.0	(147, 171)
43.0	(64, 37)
222.0	(288, 559)
59.0	(75, 99)
79.0	(107, 88)
69.0	(83, 63)
98.0	(82, 100)
89.0	(95, 109)
189.0	(176, 218)
113.0	(117, 130)
163.0	(98, 92)
109.0	(171, 172)
82.0	(183, 115)
253.0	(307, 517)
168.0	(255, 238)
212.0	(370, 318)
225.0	(319, 295)
156.0	(251, 233)
131.0	(185, 255)
154.0	(171, 200)
133.0	(82, 75)
110.0	(192, 157)
245.0	(289, 335)
141.0	(156, 307)
95.0	(191, 141)
93.0	(193, 112)
138.0	(138, 140)
114.0	(191, 139)
125.0	(129, 187)
128.0	(204, 173)
193.0	(260, 233)
101.0	(225, 108)
170.0	(283, 237)
125.0	(138, 153)
108.0	(171, 166)
88.0	(157, 120)
69.0	(78, 118)
82.0	(92, 126)
69.0	(124, 144)
190.0	(214, 180)
216.0	(122, 123)
96.0	(126, 163)
233.0	(302, 340)
391.0	(169, 148)
103.0	(49, 38)
80.0	(59, 35)
