108.0	(139, 146)
104.0	(105, 123)
107.0	(125, 118)
130.0	(81, 83)
163.0	(147, 171)
50.0	(69, 41)
231.0	(277, 527)
63.0	(95, 73)
76.0	(106, 89)
73.0	(83, 63)
103.0	(82, 100)
98.0	(95, 109)
197.0	(174, 220)
130.0	(113, 130)
166.0	(98, 92)
118.0	(171, 172)
105.0	(182, 119)
251.0	(307, 517)
179.0	(255, 238)
245.0	(307, 314)
243.0	(295, 303)
184.0	(251, 233)
162.0	(185, 255)
154.0	(179, 194)
130.0	(82, 75)
121.0	(184, 156)
222.0	(279, 331)
165.0	(156, 307)
104.0	(205, 142)
98.0	(178, 116)
130.0	(147, 139)
131.0	(191, 139)
130.0	(128, 102)
140.0	(245, 194)
198.0	(262, 234)
106.0	(225, 108)
196.0	(283, 237)
133.0	(138, 153)
134.0	(171, 164)
79.0	(157, 120)
79.0	(78, 118)
94.0	(108, 123)
79.0	(124, 89)
188.0	(214, 181)
225.0	(122, 123)
114.0	(100, 175)
246.0	(302, 340)
401.0	(168, 148)
106.0	(49, 38)
82.0	(57, 41)
