59.0	(80, 85)
55.0	(111, 71)
36.0	(67, 43)
85.0	(145, 209)
73.0	(76, 49)
67.0	(97, 136)
121.0	(226, 149)
36.0	(28, 109)
53.0	(75, 77)
27.0	(41, 37)
103.0	(141, 255)
34.0	(46, 71)
72.0	(97, 109)
116.0	(159, 217)
90.0	(89, 75)
92.0	(114, 200)
52.0	(45, 123)
50.0	(152, 39)
36.0	(202, 15)
145.0	(212, 189)
128.0	(248, 241)
58.0	(362, 64)
53.0	(137, 36)
144.0	(169, 221)
111.0	(268, 213)
47.0	(72, 79)
79.0	(143, 172)
108.0	(141, 129)
152.0	(210, 224)
79.0	(81, 169)
166.0	(236, 289)
113.0	(149, 150)
71.0	(121, 171)
76.0	(97, 205)
51.0	(96, 71)
88.0	(89, 65)
43.0	(22, 19)
72.0	(111, 94)
69.0	(92, 103)
54.0	(91, 59)
29.0	(52, 27)
40.0	(207, 35)
122.0	(197, 134)
99.0	(210, 125)
137.0	(294, 235)
43.0	(57, 75)
42.0	(49, 134)
27.0	(16, 202)
49.0	(35, 123)
74.0	(75, 138)
