42.0	(54, 110)
36.0	(111, 71)
29.0	(67, 43)
49.0	(94, 214)
64.0	(73, 47)
53.0	(76, 105)
73.0	(138, 129)
28.0	(28, 109)
34.0	(62, 61)
22.0	(45, 26)
74.0	(136, 313)
24.0	(44, 68)
34.0	(97, 98)
65.0	(140, 280)
68.0	(89, 75)
58.0	(90, 177)
40.0	(42, 121)
45.0	(149, 26)
36.0	(202, 15)
71.0	(212, 189)
73.0	(272, 194)
41.0	(336, 25)
40.0	(137, 36)
93.0	(169, 221)
63.0	(178, 218)
41.0	(33, 43)
50.0	(152, 138)
59.0	(396, 105)
74.0	(200, 213)
54.0	(53, 208)
99.0	(238, 259)
67.0	(118, 122)
45.0	(100, 82)
53.0	(97, 205)
38.0	(72, 42)
77.0	(89, 65)
40.0	(22, 18)
41.0	(84, 63)
51.0	(73, 88)
38.0	(81, 54)
24.0	(18, 9)
31.0	(241, 31)
66.0	(182, 135)
56.0	(196, 120)
77.0	(101, 229)
33.0	(57, 75)
34.0	(49, 134)
23.0	(16, 202)
47.0	(35, 123)
48.0	(66, 129)
