73.0	(139, 146)
80.0	(105, 123)
66.0	(125, 118)
99.0	(76, 75)
141.0	(147, 171)
37.0	(64, 37)
133.0	(277, 527)
45.0	(74, 92)
54.0	(107, 88)
53.0	(83, 63)
72.0	(74, 88)
59.0	(95, 109)
129.0	(174, 220)
92.0	(113, 129)
154.0	(98, 92)
63.0	(171, 172)
59.0	(177, 106)
163.0	(307, 517)
105.0	(246, 242)
129.0	(402, 241)
154.0	(295, 303)
105.0	(245, 159)
86.0	(185, 255)
111.0	(147, 163)
127.0	(82, 75)
70.0	(212, 111)
173.0	(272, 326)
93.0	(156, 307)
68.0	(252, 74)
64.0	(162, 97)
102.0	(137, 138)
81.0	(176, 124)
88.0	(128, 102)
91.0	(167, 175)
126.0	(260, 233)
73.0	(240, 100)
96.0	(283, 237)
73.0	(138, 153)
72.0	(155, 166)
54.0	(119, 120)
49.0	(78, 118)
58.0	(89, 124)
45.0	(124, 144)
144.0	(214, 180)
196.0	(122, 123)
68.0	(126, 88)
143.0	(302, 340)
381.0	(169, 148)
97.0	(47, 37)
72.0	(59, 35)
