86.0	(84, 115)
86.0	(112, 74)
40.0	(70, 44)
169.0	(150, 268)
92.0	(87, 54)
102.0	(97, 136)
173.0	(226, 149)
36.0	(28, 109)
96.0	(90, 78)
39.0	(82, 37)
186.0	(147, 341)
50.0	(44, 48)
94.0	(97, 105)
195.0	(165, 266)
137.0	(107, 99)
128.0	(114, 200)
70.0	(98, 108)
66.0	(152, 39)
55.0	(215, 19)
250.0	(236, 189)
246.0	(312, 238)
95.0	(340, 72)
83.0	(137, 84)
219.0	(173, 229)
216.0	(251, 216)
79.0	(78, 110)
158.0	(149, 171)
160.0	(141, 129)
260.0	(214, 265)
102.0	(81, 169)
308.0	(238, 285)
170.0	(168, 150)
125.0	(125, 180)
116.0	(97, 224)
78.0	(114, 66)
94.0	(94, 65)
66.0	(58, 35)
127.0	(121, 121)
93.0	(128, 86)
67.0	(83, 62)
46.0	(52, 27)
58.0	(261, 38)
168.0	(228, 135)
140.0	(210, 125)
240.0	(294, 235)
71.0	(57, 75)
73.0	(59, 189)
34.0	(24, 107)
60.0	(38, 135)
112.0	(91, 145)
