50.0	(68, 69)
60.0	(105, 123)
47.0	(80, 81)
91.0	(76, 75)
107.0	(147, 171)
36.0	(60, 27)
71.0	(129, 385)
34.0	(62, 72)
40.0	(41, 45)
41.0	(83, 63)
56.0	(79, 82)
49.0	(66, 95)
89.0	(162, 182)
69.0	(113, 129)
142.0	(98, 92)
41.0	(85, 157)
43.0	(182, 119)
84.0	(279, 490)
60.0	(207, 243)
67.0	(307, 314)
74.0	(185, 277)
65.0	(240, 221)
59.0	(182, 254)
83.0	(147, 163)
119.0	(82, 75)
47.0	(159, 50)
89.0	(211, 256)
60.0	(109, 276)
51.0	(243, 75)
47.0	(117, 68)
75.0	(104, 85)
62.0	(166, 118)
72.0	(115, 95)
63.0	(73, 187)
72.0	(308, 188)
52.0	(63, 86)
49.0	(327, 92)
48.0	(110, 162)
41.0	(155, 166)
37.0	(153, 88)
38.0	(78, 118)
37.0	(115, 77)
41.0	(102, 119)
111.0	(214, 180)
167.0	(122, 123)
53.0	(100, 53)
74.0	(309, 247)
372.0	(169, 148)
89.0	(47, 37)
63.0	(55, 40)
