44.0	(54, 112)
39.0	(111, 71)
29.0	(67, 43)
63.0	(130, 259)
64.0	(73, 47)
55.0	(97, 136)
85.0	(138, 129)
28.0	(28, 109)
39.0	(67, 76)
22.0	(45, 26)
87.0	(136, 313)
26.0	(17, 65)
41.0	(97, 98)
83.0	(140, 280)
78.0	(89, 75)
66.0	(90, 177)
40.0	(42, 121)
45.0	(149, 26)
36.0	(202, 15)
94.0	(212, 189)
82.0	(293, 206)
48.0	(347, 44)
42.0	(137, 36)
104.0	(169, 221)
73.0	(178, 218)
41.0	(33, 43)
62.0	(152, 138)
77.0	(141, 129)
87.0	(210, 224)
62.0	(53, 208)
123.0	(238, 259)
71.0	(149, 150)
47.0	(100, 82)
59.0	(97, 205)
41.0	(72, 42)
78.0	(89, 65)
40.0	(22, 18)
42.0	(123, 87)
53.0	(73, 88)
40.0	(81, 54)
24.0	(18, 9)
34.0	(207, 35)
84.0	(197, 134)
65.0	(201, 118)
99.0	(294, 235)
35.0	(46, 73)
36.0	(58, 184)
25.0	(18, 86)
47.0	(35, 123)
55.0	(66, 129)
