209.0	(139, 146)
185.0	(104, 124)
192.0	(128, 115)
178.0	(81, 83)
274.0	(147, 171)
77.0	(74, 42)
532.0	(288, 559)
135.0	(96, 87)
165.0	(106, 89)
138.0	(89, 107)
171.0	(85, 101)
174.0	(101, 111)
371.0	(180, 228)
243.0	(158, 130)
216.0	(98, 92)
275.0	(153, 182)
220.0	(183, 148)
602.0	(304, 889)
398.0	(267, 246)
539.0	(374, 318)
521.0	(319, 295)
362.0	(241, 247)
312.0	(194, 254)
307.0	(179, 208)
178.0	(82, 75)
278.0	(203, 157)
477.0	(317, 331)
331.0	(207, 256)
264.0	(192, 143)
245.0	(221, 129)
270.0	(147, 185)
285.0	(195, 174)
263.0	(129, 187)
354.0	(255, 196)
415.0	(262, 234)
215.0	(237, 114)
439.0	(283, 237)
274.0	(171, 162)
271.0	(171, 164)
202.0	(157, 120)
183.0	(189, 124)
176.0	(115, 117)
179.0	(124, 144)
349.0	(216, 186)
288.0	(122, 126)
221.0	(126, 184)
519.0	(304, 341)
440.0	(171, 154)
130.0	(49, 38)
103.0	(57, 41)
