56.0	(139, 146)
64.0	(105, 123)
50.0	(80, 81)
92.0	(76, 75)
91.0	(147, 171)
38.0	(60, 27)
86.0	(216, 467)
40.0	(86, 89)
48.0	(41, 45)
45.0	(83, 63)
66.0	(79, 82)
54.0	(66, 95)
87.0	(165, 184)
59.0	(120, 129)
131.0	(98, 92)
53.0	(110, 181)
55.0	(182, 119)
93.0	(282, 650)
59.0	(194, 237)
75.0	(357, 155)
77.0	(126, 183)
72.0	(240, 221)
67.0	(185, 255)
89.0	(138, 152)
106.0	(82, 75)
49.0	(159, 50)
80.0	(198, 247)
67.0	(131, 273)
52.0	(170, 136)
50.0	(232, 79)
70.0	(104, 85)
77.0	(166, 118)
82.0	(115, 95)
63.0	(146, 176)
67.0	(308, 188)
55.0	(240, 100)
55.0	(279, 200)
49.0	(104, 119)
51.0	(126, 132)
40.0	(155, 91)
45.0	(78, 118)
45.0	(94, 111)
47.0	(121, 137)
118.0	(214, 180)
171.0	(122, 123)
66.0	(105, 59)
62.0	(309, 247)
377.0	(169, 148)
84.0	(47, 37)
65.0	(55, 40)
