255.0	(141, 146)
225.0	(105, 123)
231.0	(128, 115)
202.0	(81, 84)
321.0	(147, 171)
95.0	(74, 42)
670.0	(289, 569)
163.0	(96, 89)
200.0	(106, 89)
166.0	(89, 107)
197.0	(88, 102)
206.0	(101, 111)
437.0	(180, 228)
294.0	(158, 130)
247.0	(98, 105)
333.0	(169, 180)
281.0	(183, 148)
750.0	(306, 903)
484.0	(267, 246)
669.0	(374, 318)
629.0	(319, 295)
449.0	(241, 247)
388.0	(194, 254)
370.0	(179, 208)
202.0	(82, 75)
341.0	(203, 157)
589.0	(317, 331)
415.0	(207, 293)
323.0	(240, 144)
301.0	(221, 129)
333.0	(148, 182)
345.0	(195, 174)
313.0	(129, 187)
431.0	(256, 196)
507.0	(320, 234)
264.0	(179, 114)
536.0	(291, 238)
327.0	(171, 162)
329.0	(171, 164)
249.0	(157, 120)
232.0	(190, 124)
220.0	(114, 125)
224.0	(124, 144)
412.0	(216, 186)
320.0	(134, 127)
276.0	(126, 184)
627.0	(304, 341)
473.0	(171, 154)
144.0	(51, 41)
112.0	(59, 35)
