104.0	(84, 87)
87.0	(112, 74)
54.0	(65, 40)
165.0	(150, 257)
99.0	(89, 62)
107.0	(97, 136)
201.0	(226, 149)
46.0	(28, 109)
99.0	(75, 77)
47.0	(41, 37)
187.0	(146, 264)
63.0	(46, 71)
120.0	(97, 109)
228.0	(165, 266)
136.0	(112, 100)
140.0	(114, 200)
103.0	(98, 108)
71.0	(157, 45)
44.0	(19, 18)
264.0	(212, 189)
260.0	(303, 241)
95.0	(362, 64)
91.0	(137, 84)
240.0	(169, 221)
230.0	(282, 213)
90.0	(78, 74)
165.0	(146, 173)
187.0	(141, 129)
272.0	(224, 237)
128.0	(84, 171)
298.0	(238, 285)
194.0	(150, 150)
139.0	(126, 190)
124.0	(98, 137)
91.0	(96, 71)
115.0	(94, 65)
53.0	(58, 35)
153.0	(123, 118)
111.0	(107, 107)
86.0	(88, 62)
41.0	(52, 27)
58.0	(223, 46)
198.0	(203, 136)
175.0	(210, 125)
268.0	(294, 235)
80.0	(57, 75)
73.0	(58, 184)
36.0	(16, 202)
67.0	(38, 135)
119.0	(91, 145)
