125.0	(139, 146)
119.0	(105, 123)
122.0	(125, 118)
139.0	(81, 83)
175.0	(147, 171)
58.0	(69, 41)
274.0	(288, 559)
77.0	(95, 73)
93.0	(106, 89)
82.0	(86, 65)
114.0	(82, 100)
108.0	(96, 111)
227.0	(174, 220)
152.0	(113, 130)
169.0	(98, 92)
135.0	(171, 172)
123.0	(182, 119)
302.0	(300, 529)
218.0	(255, 238)
302.0	(307, 314)
287.0	(295, 303)
226.0	(251, 233)
199.0	(185, 255)
175.0	(179, 194)
138.0	(82, 75)
147.0	(184, 156)
254.0	(280, 336)
187.0	(156, 307)
133.0	(240, 143)
113.0	(178, 116)
150.0	(144, 168)
154.0	(184, 137)
139.0	(128, 102)
170.0	(157, 189)
234.0	(262, 234)
125.0	(238, 108)
246.0	(283, 237)
156.0	(147, 159)
167.0	(155, 166)
99.0	(157, 120)
95.0	(111, 124)
113.0	(108, 123)
98.0	(107, 143)
215.0	(214, 181)
242.0	(122, 123)
137.0	(100, 175)
296.0	(298, 340)
413.0	(168, 148)
109.0	(49, 38)
87.0	(57, 41)
