44.0	(68, 69)
45.0	(105, 123)
37.0	(46, 53)
80.0	(60, 61)
64.0	(147, 171)
34.0	(60, 27)
54.0	(93, 347)
31.0	(43, 44)
33.0	(31, 32)
34.0	(33, 10)
35.0	(26, 28)
39.0	(66, 95)
52.0	(174, 220)
41.0	(94, 50)
111.0	(98, 92)
34.0	(66, 169)
34.0	(182, 102)
51.0	(58, 283)
49.0	(144, 94)
57.0	(199, 135)
55.0	(126, 183)
42.0	(151, 165)
46.0	(126, 90)
54.0	(129, 140)
101.0	(82, 75)
37.0	(159, 50)
59.0	(198, 247)
55.0	(109, 276)
36.0	(170, 136)
39.0	(117, 68)
54.0	(94, 72)
41.0	(136, 65)
56.0	(115, 95)
49.0	(73, 187)
40.0	(277, 152)
48.0	(101, 89)
42.0	(316, 84)
40.0	(66, 121)
37.0	(67, 20)
34.0	(153, 88)
33.0	(140, 87)
33.0	(116, 25)
41.0	(102, 119)
72.0	(214, 180)
139.0	(122, 123)
42.0	(100, 53)
47.0	(81, 48)
359.0	(169, 148)
77.0	(47, 37)
49.0	(50, 33)
