131.0	(139, 146)
124.0	(105, 123)
130.0	(125, 118)
143.0	(81, 83)
188.0	(147, 171)
59.0	(69, 41)
297.0	(288, 559)
82.0	(95, 73)
99.0	(106, 89)
84.0	(86, 65)
121.0	(82, 100)
117.0	(96, 111)
244.0	(176, 218)
157.0	(113, 130)
175.0	(98, 92)
156.0	(171, 172)
128.0	(182, 119)
318.0	(300, 529)
238.0	(246, 248)
322.0	(307, 314)
318.0	(319, 295)
238.0	(251, 233)
208.0	(185, 255)
188.0	(179, 194)
142.0	(82, 75)
162.0	(184, 156)
279.0	(280, 336)
197.0	(156, 307)
147.0	(240, 143)
124.0	(178, 116)
163.0	(144, 168)
172.0	(180, 183)
145.0	(128, 102)
183.0	(245, 194)
254.0	(262, 234)
131.0	(225, 108)
268.0	(283, 237)
166.0	(166, 162)
176.0	(171, 164)
113.0	(157, 120)
100.0	(111, 124)
116.0	(108, 123)
100.0	(107, 143)
228.0	(216, 186)
247.0	(122, 123)
143.0	(100, 175)
322.0	(304, 341)
414.0	(168, 148)
113.0	(49, 38)
88.0	(57, 41)
