62.0	(80, 85)
57.0	(111, 71)
37.0	(67, 43)
90.0	(150, 257)
73.0	(87, 54)
70.0	(97, 136)
124.0	(226, 149)
36.0	(28, 109)
56.0	(75, 77)
29.0	(41, 37)
109.0	(136, 313)
36.0	(46, 71)
73.0	(97, 109)
123.0	(165, 260)
95.0	(89, 75)
94.0	(114, 200)
52.0	(98, 108)
54.0	(152, 39)
36.0	(202, 15)
155.0	(212, 189)
137.0	(248, 241)
63.0	(362, 64)
54.0	(137, 36)
150.0	(169, 221)
117.0	(202, 216)
51.0	(72, 79)
87.0	(146, 173)
114.0	(141, 129)
157.0	(210, 224)
84.0	(81, 169)
177.0	(236, 289)
118.0	(149, 150)
73.0	(121, 171)
78.0	(97, 205)
51.0	(96, 71)
88.0	(89, 65)
43.0	(22, 19)
78.0	(123, 118)
70.0	(92, 103)
55.0	(88, 62)
30.0	(52, 27)
41.0	(207, 35)
126.0	(197, 134)
102.0	(210, 125)
149.0	(294, 235)
47.0	(57, 75)
46.0	(58, 184)
27.0	(16, 202)
51.0	(35, 123)
77.0	(75, 138)
