43.0	(68, 69)
45.0	(40, 112)
37.0	(46, 53)
80.0	(60, 61)
69.0	(147, 171)
34.0	(60, 27)
50.0	(93, 347)
31.0	(43, 44)
32.0	(31, 32)
34.0	(33, 10)
34.0	(26, 28)
37.0	(66, 95)
51.0	(174, 220)
41.0	(94, 50)
116.0	(98, 92)
33.0	(66, 169)
33.0	(182, 102)
50.0	(58, 283)
49.0	(144, 94)
57.0	(199, 135)
53.0	(126, 183)
42.0	(151, 165)
45.0	(126, 90)
50.0	(138, 152)
107.0	(82, 75)
37.0	(159, 50)
58.0	(198, 247)
55.0	(109, 276)
36.0	(143, 107)
38.0	(117, 68)
55.0	(94, 72)
42.0	(136, 65)
53.0	(115, 95)
49.0	(73, 187)
40.0	(277, 152)
47.0	(101, 89)
42.0	(327, 92)
40.0	(66, 121)
37.0	(67, 20)
33.0	(153, 88)
33.0	(140, 87)
33.0	(116, 25)
41.0	(102, 119)
68.0	(43, 42)
138.0	(122, 123)
41.0	(100, 53)
47.0	(81, 48)
360.0	(169, 148)
78.0	(47, 37)
47.0	(50, 33)
