42.0	(68, 69)
43.0	(40, 112)
36.0	(46, 53)
79.0	(60, 61)
67.0	(118, 140)
34.0	(60, 27)
50.0	(93, 347)
31.0	(43, 44)
31.0	(31, 32)
34.0	(33, 10)
32.0	(26, 28)
36.0	(66, 95)
49.0	(174, 220)
41.0	(94, 50)
114.0	(98, 92)
32.0	(66, 169)
33.0	(179, 98)
48.0	(58, 283)
49.0	(144, 94)
57.0	(199, 135)
51.0	(126, 183)
42.0	(151, 165)
44.0	(126, 90)
44.0	(129, 140)
106.0	(82, 75)
35.0	(159, 50)
57.0	(198, 247)
54.0	(109, 276)
36.0	(143, 107)
37.0	(117, 68)
52.0	(94, 72)
41.0	(136, 65)
50.0	(115, 95)
48.0	(73, 187)
39.0	(277, 152)
46.0	(101, 89)
42.0	(316, 84)
40.0	(66, 121)
37.0	(67, 20)
32.0	(171, 79)
33.0	(140, 87)
33.0	(116, 25)
41.0	(102, 119)
67.0	(43, 42)
136.0	(122, 123)
41.0	(61, 99)
47.0	(81, 48)
358.0	(169, 148)
76.0	(47, 37)
44.0	(50, 33)
