71.0	(139, 146)
77.0	(105, 123)
68.0	(125, 118)
101.0	(76, 75)
133.0	(147, 171)
38.0	(64, 29)
118.0	(277, 527)
41.0	(74, 92)
50.0	(41, 45)
53.0	(83, 63)
72.0	(82, 100)
61.0	(95, 109)
126.0	(174, 220)
89.0	(113, 129)
150.0	(98, 92)
67.0	(110, 181)
63.0	(182, 119)
147.0	(307, 517)
98.0	(206, 244)
118.0	(307, 314)
132.0	(292, 292)
97.0	(248, 189)
82.0	(185, 255)
112.0	(147, 163)
123.0	(82, 75)
60.0	(212, 111)
140.0	(272, 326)
91.0	(156, 307)
67.0	(251, 82)
62.0	(98, 116)
95.0	(130, 124)
86.0	(176, 124)
92.0	(128, 102)
79.0	(167, 175)
116.0	(254, 232)
69.0	(225, 108)
95.0	(254, 237)
71.0	(138, 153)
72.0	(155, 166)
46.0	(119, 120)
52.0	(78, 118)
55.0	(89, 124)
47.0	(124, 144)
133.0	(214, 180)
185.0	(122, 123)
69.0	(126, 88)
124.0	(309, 247)
381.0	(169, 148)
95.0	(47, 37)
71.0	(55, 40)
