46.0	(68, 69)
55.0	(105, 123)
42.0	(80, 81)
87.0	(76, 75)
95.0	(147, 171)
35.0	(60, 27)
62.0	(93, 347)
31.0	(88, 50)
36.0	(41, 45)
37.0	(81, 62)
49.0	(51, 56)
45.0	(66, 95)
76.0	(174, 220)
59.0	(113, 129)
138.0	(98, 92)
36.0	(66, 169)
36.0	(182, 102)
64.0	(132, 355)
52.0	(194, 237)
58.0	(213, 223)
67.0	(126, 183)
55.0	(240, 221)
51.0	(182, 254)
75.0	(138, 152)
117.0	(82, 75)
45.0	(159, 50)
76.0	(211, 256)
59.0	(109, 276)
45.0	(229, 63)
43.0	(117, 68)
70.0	(104, 85)
52.0	(166, 118)
66.0	(115, 95)
58.0	(73, 187)
60.0	(308, 188)
50.0	(101, 89)
47.0	(327, 92)
43.0	(110, 162)
37.0	(67, 20)
36.0	(153, 88)
33.0	(140, 87)
33.0	(116, 25)
41.0	(102, 119)
101.0	(214, 180)
161.0	(122, 123)
47.0	(100, 53)
60.0	(112, 83)
369.0	(169, 148)
87.0	(47, 37)
59.0	(55, 40)
