56.0	(54, 112)
57.0	(111, 71)
32.0	(67, 43)
95.0	(147, 253)
73.0	(87, 54)
71.0	(97, 136)
118.0	(138, 129)
32.0	(28, 109)
56.0	(75, 77)
27.0	(63, 38)
119.0	(136, 313)
33.0	(44, 48)
59.0	(97, 109)
124.0	(165, 260)
99.0	(107, 99)
91.0	(114, 200)
45.0	(42, 121)
55.0	(152, 39)
39.0	(202, 15)
158.0	(212, 189)
142.0	(266, 241)
66.0	(360, 61)
50.0	(137, 84)
142.0	(169, 221)
116.0	(178, 218)
51.0	(66, 71)
87.0	(146, 173)
113.0	(141, 129)
148.0	(214, 265)
78.0	(81, 169)
194.0	(238, 285)
114.0	(149, 150)
58.0	(100, 82)
83.0	(97, 222)
51.0	(96, 71)
83.0	(89, 65)
46.0	(29, 34)
73.0	(121, 121)
60.0	(92, 103)
48.0	(81, 54)
28.0	(52, 27)
39.0	(222, 46)
119.0	(197, 134)
93.0	(206, 122)
154.0	(294, 235)
48.0	(57, 75)
50.0	(58, 184)
29.0	(18, 86)
52.0	(38, 128)
76.0	(91, 145)
