44.0	(29, 89)
30.0	(54, 18)
26.0	(60, 42)
46.0	(130, 259)
53.0	(87, 54)
46.0	(76, 108)
73.0	(125, 149)
23.0	(27, 107)
33.0	(62, 61)
20.0	(63, 38)
84.0	(144, 343)
20.0	(44, 48)
34.0	(76, 74)
74.0	(140, 280)
62.0	(89, 75)
59.0	(103, 184)
34.0	(53, 123)
42.0	(149, 26)
36.0	(202, 15)
61.0	(212, 189)
82.0	(293, 206)
48.0	(347, 44)
33.0	(54, 88)
86.0	(160, 213)
58.0	(158, 175)
36.0	(33, 43)
59.0	(152, 138)
58.0	(141, 129)
64.0	(204, 70)
48.0	(53, 208)
113.0	(238, 285)
58.0	(149, 150)
39.0	(35, 270)
65.0	(97, 222)
35.0	(72, 42)
69.0	(87, 62)
37.0	(41, 28)
42.0	(83, 78)
38.0	(56, 71)
34.0	(81, 54)
24.0	(18, 9)
37.0	(174, 30)
65.0	(198, 126)
48.0	(178, 118)
86.0	(295, 235)
32.0	(46, 73)
32.0	(58, 184)
28.0	(18, 86)
44.0	(35, 123)
47.0	(91, 145)
