152.0	(84, 115)
120.0	(112, 74)
74.0	(70, 44)
291.0	(150, 268)
126.0	(89, 62)
166.0	(97, 137)
277.0	(291, 149)
58.0	(30, 129)
144.0	(90, 78)
69.0	(41, 37)
292.0	(149, 207)
90.0	(46, 71)
172.0	(97, 109)
328.0	(165, 266)
192.0	(112, 100)
220.0	(120, 198)
156.0	(98, 118)
96.0	(120, 50)
58.0	(211, 19)
379.0	(236, 189)
414.0	(312, 238)
142.0	(340, 72)
140.0	(137, 84)
339.0	(173, 229)
362.0	(282, 213)
136.0	(78, 110)
252.0	(149, 171)
246.0	(256, 129)
401.0	(225, 261)
164.0	(86, 188)
448.0	(238, 285)
274.0	(170, 153)
219.0	(126, 190)
178.0	(97, 224)
126.0	(96, 71)
143.0	(94, 65)
88.0	(58, 35)
218.0	(121, 121)
161.0	(107, 107)
113.0	(90, 67)
70.0	(55, 34)
86.0	(196, 46)
282.0	(203, 136)
237.0	(210, 125)
390.0	(338, 235)
109.0	(57, 75)
107.0	(59, 189)
52.0	(17, 204)
85.0	(38, 135)
169.0	(91, 145)
