47.0	(68, 69)
51.0	(40, 112)
42.0	(46, 53)
85.0	(76, 75)
76.0	(144, 85)
36.0	(60, 27)
66.0	(99, 352)
32.0	(88, 50)
40.0	(41, 45)
34.0	(33, 10)
50.0	(79, 82)
46.0	(66, 95)
62.0	(162, 182)
43.0	(91, 98)
121.0	(98, 92)
37.0	(66, 169)
37.0	(182, 102)
61.0	(95, 88)
49.0	(144, 94)
57.0	(199, 135)
64.0	(126, 183)
48.0	(175, 164)
50.0	(182, 254)
70.0	(138, 152)
101.0	(82, 75)
43.0	(159, 50)
62.0	(198, 247)
57.0	(109, 276)
42.0	(170, 136)
45.0	(117, 68)
61.0	(99, 78)
55.0	(166, 118)
68.0	(115, 95)
53.0	(73, 187)
43.0	(277, 152)
51.0	(101, 89)
46.0	(196, 119)
40.0	(177, 77)
37.0	(67, 20)
37.0	(153, 88)
33.0	(140, 87)
33.0	(116, 25)
41.0	(102, 119)
94.0	(214, 180)
152.0	(122, 123)
53.0	(100, 53)
52.0	(112, 83)
365.0	(169, 148)
80.0	(47, 37)
57.0	(55, 40)
