176.0	(84, 115)
137.0	(112, 74)
82.0	(60, 49)
358.0	(150, 268)
145.0	(89, 62)
197.0	(97, 137)
333.0	(226, 149)
65.0	(30, 143)
164.0	(90, 78)
80.0	(67, 39)
373.0	(149, 279)
100.0	(46, 71)
186.0	(97, 109)
376.0	(164, 274)
225.0	(161, 100)
257.0	(120, 198)
174.0	(98, 118)
123.0	(120, 50)
71.0	(215, 19)
433.0	(356, 189)
483.0	(313, 241)
171.0	(340, 72)
162.0	(137, 84)
378.0	(173, 229)
425.0	(282, 213)
160.0	(78, 110)
288.0	(146, 173)
315.0	(256, 129)
456.0	(221, 264)
198.0	(86, 212)
518.0	(238, 285)
313.0	(170, 153)
259.0	(126, 243)
224.0	(98, 236)
139.0	(114, 66)
157.0	(94, 65)
102.0	(58, 35)
242.0	(121, 121)
183.0	(107, 107)
128.0	(84, 67)
84.0	(55, 34)
113.0	(229, 46)
316.0	(290, 136)
280.0	(216, 126)
463.0	(338, 235)
122.0	(57, 75)
129.0	(59, 189)
64.0	(17, 204)
93.0	(40, 78)
210.0	(90, 241)
